xflr5 v6.62

 Calculated polar for: NACA 2415

 1 1 Reynolds number fixed          Mach number fixed         

 xtrf =   1.000 (top)        1.000 (bottom)
 Mach =   0.000     Re =     0.300 e 6     Ncrit =   9.000

  alpha     CL        CD       CDp       Cm    Top Xtr Bot Xtr   Cpmin    Chinge    XCp    
 ------- -------- --------- --------- -------- ------- ------- -------- --------- ---------
 -12.000  -1.0260   0.03029   0.02365  -0.0566  1.0000  0.0461  -5.6919   0.0000   0.0000   0.0000   0.1789
 -11.750  -1.0175   0.02902   0.02238  -0.0540  1.0000  0.0471  -5.5808   0.0000   0.0000   0.0000   0.1812
 -11.500  -1.0083   0.02830   0.02169  -0.0514  1.0000  0.0480  -5.4564   0.0000   0.0000   0.0000   0.1838
 -11.250  -0.9999   0.02764   0.02100  -0.0485  1.0000  0.0491  -5.3382   0.0000   0.0000   0.0000   0.1865
 -11.000  -0.9917   0.02693   0.02019  -0.0456  1.0000  0.0502  -5.2271   0.0000   0.0000   0.0000   0.1895
 -10.750  -0.9830   0.02622   0.01933  -0.0426  1.0000  0.0514  -5.1188   0.0000   0.0000   0.0000   0.1924
 -10.500  -0.9730   0.02529   0.01830  -0.0400  1.0000  0.0525  -5.0081   0.0000   0.0000   0.0000   0.1950
 -10.250  -0.9608   0.02453   0.01758  -0.0377  1.0000  0.0536  -4.8802   0.0000   0.0000   0.0000   0.1971
 -10.000  -0.9482   0.02394   0.01698  -0.0354  1.0000  0.0549  -4.7520   0.0000   0.0000   0.0000   0.1994
  -9.750  -0.9352   0.02336   0.01632  -0.0332  1.0000  0.0565  -4.6275   0.0000   0.0000   0.0000   0.2016
  -9.500  -0.9214   0.02287   0.01567  -0.0309  1.0000  0.0581  -4.5112   0.0000   0.0000   0.0000   0.2037
  -9.250  -0.9055   0.02206   0.01494  -0.0294  0.9998  0.0598  -4.3856   0.0000   0.0000   0.0000   0.2051
  -9.000  -0.8697   0.02148   0.01432  -0.0315  0.9971  0.0626  -4.2018   0.0000   0.0000   0.0000   0.2015
  -8.750  -0.8349   0.02072   0.01349  -0.0334  0.9941  0.0654  -4.0306   0.0000   0.0000   0.0000   0.1979
  -8.500  -0.8000   0.02010   0.01290  -0.0354  0.9909  0.0683  -3.8533   0.0000   0.0000   0.0000   0.1938
  -8.250  -0.7640   0.01949   0.01221  -0.0374  0.9879  0.0719  -3.6805   0.0000   0.0000   0.0000   0.1892
  -8.000  -0.7294   0.01894   0.01170  -0.0392  0.9840  0.0757  -3.5076   0.0000   0.0000   0.0000   0.1845
  -7.750  -0.6927   0.01833   0.01107  -0.0414  0.9810  0.0800  -3.3372   0.0000   0.0000   0.0000   0.1786
  -7.500  -0.6580   0.01786   0.01056  -0.0430  0.9766  0.0848  -3.1838   0.0000   0.0000   0.0000   0.1731
  -7.250  -0.6207   0.01728   0.01004  -0.0453  0.9735  0.0902  -3.0245   0.0000   0.0000   0.0000   0.1655
  -7.000  -0.5865   0.01676   0.00953  -0.0468  0.9689  0.0961  -2.8757   0.0000   0.0000   0.0000   0.1587
  -6.750  -0.5486   0.01624   0.00902  -0.0491  0.9656  0.1031  -2.7202   0.0000   0.0000   0.0000   0.1490
  -6.500  -0.5131   0.01576   0.00857  -0.0508  0.9612  0.1109  -2.5723   0.0000   0.0000   0.0000   0.1394
  -6.250  -0.4757   0.01528   0.00813  -0.0529  0.9574  0.1200  -2.4309   0.0000   0.0000   0.0000   0.1271
  -6.000  -0.4349   0.01478   0.00768  -0.0557  0.9554  0.1309  -2.2856   0.0000   0.0000   0.0000   0.1099
  -5.750  -0.4032   0.01438   0.00731  -0.0565  0.9492  0.1421  -2.1614   0.0000   0.0000   0.0000   0.0976
  -5.500  -0.3659   0.01390   0.00690  -0.0585  0.9462  0.1555  -2.0278   0.0000   0.0000   0.0000   0.0777
  -5.250  -0.3360   0.01351   0.00657  -0.0589  0.9394  0.1691  -1.9173   0.0000   0.0000   0.0000   0.0620
  -5.000  -0.3011   0.01309   0.00621  -0.0603  0.9355  0.1855  -1.8005   0.0000   0.0000   0.0000   0.0366
  -4.750  -0.2734   0.01274   0.00593  -0.0601  0.9276  0.2020  -1.6987   0.0000   0.0000   0.0000   0.0165
  -4.500  -0.2445   0.01239   0.00565  -0.0602  0.9205  0.2199  -1.5981   0.0000   0.0000   0.0000  -0.0103
  -4.250  -0.2143   0.01204   0.00535  -0.0605  0.9142  0.2400  -1.5016   0.0000   0.0000   0.0000  -0.0471
  -4.000  -0.1879   0.01175   0.00512  -0.0600  0.9049  0.2606  -1.4128   0.0000   0.0000   0.0000  -0.0849
  -3.750  -0.1613   0.01145   0.00490  -0.0596  0.8958  0.2823  -1.3265   0.0000   0.0000   0.0000  -0.1362
  -3.500  -0.1342   0.01116   0.00468  -0.0592  0.8867  0.3058  -1.2449   0.0000   0.0000   0.0000  -0.2096
  -3.250  -0.1068   0.01087   0.00446  -0.0588  0.8776  0.3309  -1.1642   0.0000   0.0000   0.0000  -0.3218
  -3.000  -0.0807   0.01061   0.00427  -0.0583  0.8669  0.3577  -1.0903   0.0000   0.0000   0.0000  -0.4975
  -2.750  -0.0548   0.01036   0.00410  -0.0576  0.8554  0.3872  -1.0190   0.0000   0.0000   0.0000  -0.8352
  -2.500  -0.0292   0.01010   0.00395  -0.0570  0.8437  0.4201  -0.9517   0.0000   0.0000   0.0000  -1.7600
  -2.250  -0.0035   0.00986   0.00382  -0.0563  0.8315  0.4588  -0.8871   0.0000   0.0000   0.0000  -16.1885
  -2.000   0.0220   0.00963   0.00371  -0.0556  0.8190  0.5014  -0.8262   0.0000   0.0000   0.0000   2.8345
  -1.750   0.0474   0.00943   0.00363  -0.0549  0.8062  0.5453  -0.7674   0.0000   0.0000   0.0000   1.4284
  -1.500   0.0729   0.00926   0.00356  -0.0541  0.7929  0.5887  -0.7128   0.0000   0.0000   0.0000   1.0034
  -1.250   0.0983   0.00912   0.00352  -0.0533  0.7794  0.6304  -0.6604   0.0000   0.0000   0.0000   0.7979
  -1.000   0.1237   0.00900   0.00349  -0.0524  0.7656  0.6698  -0.6106   0.0000   0.0000   0.0000   0.6768
  -0.750   0.1492   0.00891   0.00347  -0.0515  0.7516  0.7071  -0.6012   0.0000   0.0000   0.0000   0.5967
  -0.500   0.1746   0.00886   0.00347  -0.0506  0.7374  0.7430  -0.6226   0.0000   0.0000   0.0000   0.5398
  -0.250   0.2000   0.00882   0.00349  -0.0496  0.7231  0.7767  -0.6449   0.0000   0.0000   0.0000   0.4971
   0.000   0.2254   0.00883   0.00353  -0.0486  0.7088  0.8087  -0.6677   0.0000   0.0000   0.0000   0.4639
   0.250   0.2508   0.00886   0.00358  -0.0476  0.6946  0.8389  -0.6912   0.0000   0.0000   0.0000   0.4374
   0.500   0.2764   0.00893   0.00365  -0.0466  0.6806  0.8665  -0.7156   0.0000   0.0000   0.0000   0.4156
   0.750   0.3026   0.00904   0.00373  -0.0457  0.6666  0.8911  -0.7414   0.0000   0.0000   0.0000   0.3976
   1.000   0.3303   0.00918   0.00382  -0.0451  0.6529  0.9127  -0.7689   0.0000   0.0000   0.0000   0.3828
   1.250   0.3609   0.00934   0.00393  -0.0452  0.6392  0.9304  -0.7993   0.0000   0.0000   0.0000   0.3712
   1.500   0.3930   0.00952   0.00403  -0.0457  0.6257  0.9463  -0.8319   0.0000   0.0000   0.0000   0.3619
   1.750   0.4299   0.00971   0.00414  -0.0473  0.6122  0.9578  -0.8691   0.0000   0.0000   0.0000   0.3553
   2.000   0.4697   0.00991   0.00425  -0.0496  0.5987  0.9670  -0.9104   0.0000   0.0000   0.0000   0.3506
   2.250   0.5123   0.01010   0.00435  -0.0526  0.5851  0.9744  -0.9563   0.0000   0.0000   0.0000   0.3474
   2.500   0.5552   0.01027   0.00444  -0.0557  0.5716  0.9815  -1.0053   0.0000   0.0000   0.0000   0.3448
   2.750   0.5986   0.01042   0.00453  -0.0589  0.5580  0.9880  -1.0586   0.0000   0.0000   0.0000   0.3428
   3.000   0.6429   0.01055   0.00460  -0.0625  0.5443  0.9940  -1.1173   0.0000   0.0000   0.0000   0.3413
   3.250   0.6894   0.01067   0.00467  -0.0665  0.5305  0.9998  -1.1835   0.0000   0.0000   0.0000   0.3403
   3.500   0.7118   0.01075   0.00471  -0.0656  0.5189  1.0000  -1.2311   0.0000   0.0000   0.0000   0.3358
   3.750   0.7328   0.01086   0.00477  -0.0644  0.5077  1.0000  -1.2804   0.0000   0.0000   0.0000   0.3313
   4.000   0.7536   0.01099   0.00484  -0.0631  0.4968  1.0000  -1.3331   0.0000   0.0000   0.0000   0.3269
   4.250   0.7743   0.01113   0.00492  -0.0618  0.4856  1.0000  -1.3891   0.0000   0.0000   0.0000   0.3227
   4.500   0.7950   0.01125   0.00503  -0.0604  0.4738  1.0000  -1.4486   0.0000   0.0000   0.0000   0.3186
   4.750   0.8156   0.01140   0.00515  -0.0590  0.4620  1.0000  -1.5113   0.0000   0.0000   0.0000   0.3147
   5.000   0.8361   0.01156   0.00528  -0.0576  0.4503  1.0000  -1.5766   0.0000   0.0000   0.0000   0.3109
   5.250   0.8565   0.01174   0.00542  -0.0561  0.4384  1.0000  -1.6459   0.0000   0.0000   0.0000   0.3073
   5.500   0.8767   0.01193   0.00557  -0.0546  0.4263  1.0000  -1.7179   0.0000   0.0000   0.0000   0.3038
   5.750   0.8968   0.01213   0.00573  -0.0531  0.4137  1.0000  -1.7929   0.0000   0.0000   0.0000   0.3004
   6.000   0.9169   0.01233   0.00590  -0.0516  0.4006  1.0000  -1.8708   0.0000   0.0000   0.0000   0.2972
   6.250   0.9369   0.01254   0.00608  -0.0501  0.3870  1.0000  -1.9522   0.0000   0.0000   0.0000   0.2941
   6.500   0.9567   0.01277   0.00628  -0.0485  0.3729  1.0000  -2.0345   0.0000   0.0000   0.0000   0.2910
   6.750   0.9765   0.01301   0.00650  -0.0470  0.3582  1.0000  -2.1228   0.0000   0.0000   0.0000   0.2881
   7.000   0.9962   0.01329   0.00673  -0.0454  0.3430  1.0000  -2.2122   0.0000   0.0000   0.0000   0.2853
   7.250   1.0156   0.01360   0.00699  -0.0439  0.3272  1.0000  -2.3023   0.0000   0.0000   0.0000   0.2826
   7.500   1.0346   0.01395   0.00729  -0.0423  0.3113  1.0000  -2.3980   0.0000   0.0000   0.0000   0.2800
   7.750   1.0537   0.01431   0.00760  -0.0408  0.2948  1.0000  -2.4956   0.0000   0.0000   0.0000   0.2775
   8.000   1.0726   0.01470   0.00794  -0.0392  0.2779  1.0000  -2.5936   0.0000   0.0000   0.0000   0.2750
   8.500   1.1081   0.01562   0.00874  -0.0359  0.2439  1.0000  -2.7951   0.0000   0.0000   0.0000   0.2702
   8.750   1.1244   0.01615   0.00919  -0.0341  0.2272  1.0000  -2.8972   0.0000   0.0000   0.0000   0.2678
   9.000   1.1408   0.01668   0.00967  -0.0323  0.2106  1.0000  -3.0003   0.0000   0.0000   0.0000   0.2654
   9.250   1.1543   0.01727   0.01019  -0.0300  0.1952  1.0000  -3.0976   0.0000   0.0000   0.0000   0.2628
   9.500   1.1674   0.01788   0.01075  -0.0277  0.1806  1.0000  -3.1946   0.0000   0.0000   0.0000   0.2601
   9.750   1.1800   0.01855   0.01138  -0.0255  0.1667  1.0000  -3.2954   0.0000   0.0000   0.0000   0.2576
  10.000   1.1916   0.01932   0.01208  -0.0232  0.1543  1.0000  -3.3964   0.0000   0.0000   0.0000   0.2551
  10.250   1.2037   0.02011   0.01283  -0.0211  0.1427  1.0000  -3.4991   0.0000   0.0000   0.0000   0.2528
  10.500   1.2154   0.02094   0.01364  -0.0191  0.1323  1.0000  -3.6012   0.0000   0.0000   0.0000   0.2506
  10.750   1.2264   0.02186   0.01454  -0.0171  0.1231  1.0000  -3.7016   0.0000   0.0000   0.0000   0.2484
  11.000   1.2366   0.02285   0.01551  -0.0151  0.1151  1.0000  -3.8002   0.0000   0.0000   0.0000   0.2463
  11.250   1.2456   0.02395   0.01659  -0.0131  0.1081  1.0000  -3.8958   0.0000   0.0000   0.0000   0.2442
  11.500   1.2549   0.02509   0.01773  -0.0114  0.1016  1.0000  -3.9924   0.0000   0.0000   0.0000   0.2423
  11.750   1.2647   0.02624   0.01891  -0.0098  0.0958  1.0000  -4.0972   0.0000   0.0000   0.0000   0.2405
  12.000   1.2719   0.02761   0.02029  -0.0081  0.0911  1.0000  -4.1941   0.0000   0.0000   0.0000   0.2387
  12.250   1.2796   0.02901   0.02171  -0.0066  0.0867  1.0000  -4.2933   0.0000   0.0000   0.0000   0.2371
  12.500   1.2868   0.03050   0.02325  -0.0053  0.0827  1.0000  -4.3899   0.0000   0.0000   0.0000   0.2355
  12.750   1.2927   0.03215   0.02491  -0.0041  0.0791  1.0000  -4.4837   0.0000   0.0000   0.0000   0.2341
  13.000   1.2989   0.03384   0.02666  -0.0029  0.0758  1.0000  -4.5763   0.0000   0.0000   0.0000   0.2327
  13.250   1.3049   0.03561   0.02847  -0.0020  0.0728  1.0000  -4.6698   0.0000   0.0000   0.0000   0.2315
  13.500   1.3074   0.03773   0.03060  -0.0010  0.0705  1.0000  -4.7493   0.0000   0.0000   0.0000   0.2302
  13.750   1.3138   0.03957   0.03255  -0.0003  0.0678  1.0000  -4.8419   0.0000   0.0000   0.0000   0.2292
  14.000   1.3174   0.04171   0.03471   0.0003  0.0657  1.0000  -4.9264   0.0000   0.0000   0.0000   0.2282
  14.250   1.3193   0.04403   0.03707   0.0010  0.0637  1.0000  -5.0022   0.0000   0.0000   0.0000   0.2272
  14.500   1.3241   0.04618   0.03932   0.0013  0.0616  1.0000  -5.0929   0.0000   0.0000   0.0000   0.2264
  14.750   1.3273   0.04852   0.04171   0.0016  0.0597  1.0000  -5.1821   0.0000   0.0000   0.0000   0.2257
  15.000   1.3278   0.05107   0.04423   0.0021  0.0581  1.0000  -5.2603   0.0000   0.0000   0.0000   0.2248
  15.250   1.3315   0.05353   0.04683   0.0021  0.0565  1.0000  -5.3465   0.0000   0.0000   0.0000   0.2243
  15.500   1.3343   0.05606   0.04946   0.0021  0.0550  1.0000  -5.4306   0.0000   0.0000   0.0000   0.2237
  15.750   1.3366   0.05867   0.05211   0.0020  0.0536  1.0000  -5.5143   0.0000   0.0000   0.0000   0.2232
  16.000   1.3387   0.06118   0.05461   0.0022  0.0524  1.0000  -5.5984   0.0000   0.0000   0.0000   0.2225
  16.250   1.3404   0.06392   0.05744   0.0021  0.0512  1.0000  -5.6743   0.0000   0.0000   0.0000   0.2220
  16.500   1.3415   0.06685   0.06051   0.0017  0.0500  1.0000  -5.7470   0.0000   0.0000   0.0000   0.2218
  16.750   1.3427   0.06978   0.06353   0.0013  0.0487  1.0000  -5.8226   0.0000   0.0000   0.0000   0.2215
  17.000   1.3444   0.07265   0.06643   0.0008  0.0477  1.0000  -5.9025   0.0000   0.0000   0.0000   0.2213
  17.250   1.3482   0.07500   0.06874   0.0009  0.0465  1.0000  -5.9952   0.0000   0.0000   0.0000   0.2207
  17.500   1.3478   0.07819   0.07206   0.0004  0.0456  1.0000  -6.0575   0.0000   0.0000   0.0000   0.2205
  17.750   1.3455   0.08180   0.07583  -0.0006  0.0447  1.0000  -6.1090   0.0000   0.0000   0.0000   0.2207
  18.000   1.3443   0.08526   0.07940  -0.0016  0.0438  1.0000  -6.1665   0.0000   0.0000   0.0000   0.2207


