xflr5 v6.62

 Calculated polar for: NACA 23015

 1 1 Reynolds number fixed          Mach number fixed         

 xtrf =   1.000 (top)        1.000 (bottom)
 Mach =   0.000     Re =     0.300 e 6     Ncrit =   9.000

  alpha     CL        CD       CDp       Cm    Top Xtr Bot Xtr   Cpmin    Chinge    XCp    
 ------- -------- --------- --------- -------- ------- ------- -------- --------- ---------
 -11.500  -0.5350   0.10230   0.09915  -0.0228  1.0000  0.0532  -2.4473   0.0000   0.0000   0.0000   0.1914
 -11.250  -0.5341   0.09831   0.09518  -0.0243  1.0000  0.0539  -2.4397   0.0000   0.0000   0.0000   0.1888
 -11.000  -0.5427   0.09178   0.08867  -0.0282  1.0000  0.0549  -2.5199   0.0000   0.0000   0.0000   0.1827
 -10.750  -0.6003   0.07526   0.07205  -0.0426  1.0000  0.0550  -2.9365   0.0000   0.0000   0.0000   0.1647
 -10.500  -0.6405   0.06797   0.06461  -0.0469  1.0000  0.0550  -3.1144   0.0000   0.0000   0.0000   0.1636
 -10.250  -0.6700   0.06361   0.06011  -0.0466  1.0000  0.0552  -3.2083   0.0000   0.0000   0.0000   0.1680
 -10.000  -0.6960   0.06051   0.05689  -0.0433  1.0000  0.0556  -3.2725   0.0000   0.0000   0.0000   0.1758
  -9.750  -0.7224   0.05734   0.05348  -0.0392  1.0000  0.0568  -3.3590   0.0000   0.0000   0.0000   0.1843
  -9.500  -0.7819   0.05385   0.04932  -0.0298  1.0000  0.0584  -3.6237   0.0000   0.0000   0.0000   0.2010
  -9.250  -0.7695   0.05090   0.04644  -0.0286  1.0000  0.0588  -3.5233   0.0000   0.0000   0.0000   0.2022
  -9.000  -0.7638   0.04869   0.04422  -0.0262  1.0000  0.0592  -3.4483   0.0000   0.0000   0.0000   0.2054
  -8.750  -0.7622   0.04661   0.04205  -0.0229  1.0000  0.0596  -3.3965   0.0000   0.0000   0.0000   0.2099
  -8.500  -0.7635   0.04440   0.03970  -0.0190  1.0000  0.0599  -3.3684   0.0000   0.0000   0.0000   0.2153
  -8.250  -0.8083   0.02818   0.02138  -0.0066  1.0000  0.0401  -4.2523   0.0000   0.0000   0.0000   0.2317
  -8.000  -0.7975   0.02690   0.01981  -0.0037  1.0000  0.0407  -4.1895   0.0000   0.0000   0.0000   0.2355
  -7.750  -0.7825   0.02539   0.01821  -0.0017  1.0000  0.0413  -4.0904   0.0000   0.0000   0.0000   0.2381
  -7.500  -0.7668   0.02455   0.01739   0.0001  1.0000  0.0420  -3.9621   0.0000   0.0000   0.0000   0.2407
  -7.250  -0.7316   0.02373   0.01656  -0.0017  0.9975  0.0433  -3.7756   0.0000   0.0000   0.0000   0.2383
  -7.000  -0.6938   0.02278   0.01546  -0.0039  0.9941  0.0451  -3.6031   0.0000   0.0000   0.0000   0.2351
  -6.750  -0.6563   0.02162   0.01413  -0.0060  0.9907  0.0467  -3.4434   0.0000   0.0000   0.0000   0.2317
  -6.500  -0.6173   0.02068   0.01326  -0.0085  0.9876  0.0482  -3.2532   0.0000   0.0000   0.0000   0.2270
  -6.250  -0.5794   0.01989   0.01244  -0.0106  0.9831  0.0500  -3.0935   0.0000   0.0000   0.0000   0.2225
  -6.000  -0.5388   0.01919   0.01159  -0.0131  0.9799  0.0520  -2.9417   0.0000   0.0000   0.0000   0.2164
  -5.750  -0.5022   0.01826   0.01080  -0.0152  0.9748  0.0544  -2.7781   0.0000   0.0000   0.0000   0.2105
  -5.500  -0.4626   0.01765   0.01014  -0.0176  0.9705  0.0573  -2.6181   0.0000   0.0000   0.0000   0.2026
  -5.250  -0.4240   0.01678   0.00934  -0.0199  0.9659  0.0599  -2.4629   0.0000   0.0000   0.0000   0.1936
  -5.000  -0.3857   0.01616   0.00873  -0.0220  0.9605  0.0631  -2.3077   0.0000   0.0000   0.0000   0.1833
  -4.750  -0.3481   0.01543   0.00806  -0.0240  0.9553  0.0669  -2.1552   0.0000   0.0000   0.0000   0.1712
  -4.500  -0.3149   0.01495   0.00754  -0.0248  0.9466  0.0711  -2.0285   0.0000   0.0000   0.0000   0.1609
  -4.250  -0.2858   0.01427   0.00695  -0.0250  0.9365  0.0755  -1.9106   0.0000   0.0000   0.0000   0.1522
  -4.000  -0.2579   0.01372   0.00642  -0.0247  0.9248  0.0807  -1.7978   0.0000   0.0000   0.0000   0.1435
  -3.750  -0.2334   0.01325   0.00595  -0.0237  0.9088  0.0870  -1.6920   0.0000   0.0000   0.0000   0.1378
  -3.500  -0.2088   0.01277   0.00549  -0.0226  0.8921  0.0950  -1.5871   0.0000   0.0000   0.0000   0.1307
  -3.250  -0.1852   0.01233   0.00506  -0.0214  0.8738  0.1064  -1.4858   0.0000   0.0000   0.0000   0.1231
  -3.000  -0.1623   0.01178   0.00460  -0.0202  0.8559  0.1308  -1.3959   0.0000   0.0000   0.0000   0.1140
  -2.750  -0.1539   0.00994   0.00401  -0.0171  0.8378  0.4171  -1.3365   0.0000   0.0000   0.0000   0.1277
  -2.500  -0.1351   0.00938   0.00385  -0.0150  0.8189  0.5304  -1.2528   0.0000   0.0000   0.0000   0.1274
  -2.250  -0.1125   0.00912   0.00374  -0.0135  0.8003  0.5909  -1.1610   0.0000   0.0000   0.0000   0.1178
  -2.000  -0.0887   0.00897   0.00367  -0.0123  0.7799  0.6353  -1.0682   0.0000   0.0000   0.0000   0.0992
  -1.750  -0.0643   0.00888   0.00360  -0.0111  0.7599  0.6732  -0.9784   0.0000   0.0000   0.0000   0.0633
  -1.500  -0.0396   0.00881   0.00356  -0.0100  0.7387  0.7057  -0.8941   0.0000   0.0000   0.0000  -0.0196
  -1.250  -0.0147   0.00880   0.00354  -0.0089  0.7176  0.7353  -0.8108   0.0000   0.0000   0.0000  -0.3890
  -1.000   0.0104   0.00880   0.00354  -0.0078  0.6958  0.7629  -0.7289   0.0000   0.0000   0.0000   1.0348
  -0.750   0.0354   0.00885   0.00354  -0.0067  0.6742  0.7887  -0.7002   0.0000   0.0000   0.0000   0.4440
  -0.500   0.0605   0.00892   0.00357  -0.0057  0.6517  0.8134  -0.7330   0.0000   0.0000   0.0000   0.3425
  -0.250   0.0855   0.00904   0.00364  -0.0045  0.6299  0.8369  -0.7660   0.0000   0.0000   0.0000   0.2994
   0.000   0.1106   0.00918   0.00375  -0.0033  0.6073  0.8595  -0.7992   0.0000   0.0000   0.0000   0.2755
   0.250   0.1353   0.00935   0.00382  -0.0021  0.5850  0.8784  -0.8335   0.0000   0.0000   0.0000   0.2608
   0.500   0.1617   0.00951   0.00389  -0.0014  0.5617  0.8916  -0.8696   0.0000   0.0000   0.0000   0.2533
   0.750   0.1884   0.00971   0.00398  -0.0008  0.5388  0.9040  -0.9061   0.0000   0.0000   0.0000   0.2482
   1.000   0.2156   0.00993   0.00407  -0.0003  0.5152  0.9155  -0.9433   0.0000   0.0000   0.0000   0.2451
   1.250   0.2439   0.01016   0.00419   0.0000  0.4909  0.9262  -0.9827   0.0000   0.0000   0.0000   0.2436
   1.500   0.2731   0.01042   0.00431  -0.0000  0.4669  0.9361  -1.0237   0.0000   0.0000   0.0000   0.2435
   1.750   0.3049   0.01071   0.00445  -0.0006  0.4422  0.9443  -1.0670   0.0000   0.0000   0.0000   0.2453
   2.000   0.3408   0.01102   0.00461  -0.0022  0.4164  0.9501  -1.1139   0.0000   0.0000   0.0000   0.2495
   2.250   0.3759   0.01132   0.00476  -0.0036  0.3922  0.9568  -1.1624   0.0000   0.0000   0.0000   0.2527
   2.500   0.4150   0.01165   0.00493  -0.0060  0.3697  0.9616  -1.2146   0.0000   0.0000   0.0000   0.2574
   2.750   0.4539   0.01197   0.00510  -0.0084  0.3498  0.9663  -1.2671   0.0000   0.0000   0.0000   0.2613
   3.000   0.4908   0.01227   0.00527  -0.0104  0.3333  0.9722  -1.3199   0.0000   0.0000   0.0000   0.2638
   3.250   0.5318   0.01255   0.00544  -0.0133  0.3188  0.9756  -1.3775   0.0000   0.0000   0.0000   0.2675
   3.500   0.5694   0.01282   0.00562  -0.0155  0.3069  0.9809  -1.4326   0.0000   0.0000   0.0000   0.2695
   3.750   0.6093   0.01310   0.00579  -0.0182  0.2964  0.9847  -1.4917   0.0000   0.0000   0.0000   0.2721
   4.000   0.6485   0.01333   0.00595  -0.0208  0.2872  0.9889  -1.5518   0.0000   0.0000   0.0000   0.2740
   4.250   0.6877   0.01356   0.00614  -0.0234  0.2789  0.9931  -1.6124   0.0000   0.0000   0.0000   0.2758
   4.500   0.7274   0.01384   0.00632  -0.0261  0.2717  0.9966  -1.6757   0.0000   0.0000   0.0000   0.2776
   4.750   0.7678   0.01402   0.00649  -0.0290  0.2647  1.0000  -1.7416   0.0000   0.0000   0.0000   0.2792
   5.000   0.7879   0.01426   0.00665  -0.0278  0.2600  1.0000  -1.7866   0.0000   0.0000   0.0000   0.2765
   5.250   0.8083   0.01440   0.00682  -0.0266  0.2550  1.0000  -1.8324   0.0000   0.0000   0.0000   0.2738
   5.500   0.8279   0.01464   0.00700  -0.0253  0.2508  1.0000  -1.8799   0.0000   0.0000   0.0000   0.2712
   5.750   0.8476   0.01488   0.00723  -0.0239  0.2467  1.0000  -1.9272   0.0000   0.0000   0.0000   0.2686
   6.000   0.8671   0.01508   0.00744  -0.0225  0.2425  1.0000  -1.9749   0.0000   0.0000   0.0000   0.2660
   6.250   0.8864   0.01539   0.00768  -0.0211  0.2387  1.0000  -2.0246   0.0000   0.0000   0.0000   0.2636
   6.500   0.9058   0.01564   0.00796  -0.0196  0.2350  1.0000  -2.0749   0.0000   0.0000   0.0000   0.2612
   6.750   0.9252   0.01588   0.00821  -0.0182  0.2313  1.0000  -2.1257   0.0000   0.0000   0.0000   0.2588
   7.000   0.9445   0.01619   0.00847  -0.0167  0.2278  1.0000  -2.1784   0.0000   0.0000   0.0000   0.2566
   7.250   0.9639   0.01651   0.00881  -0.0152  0.2244  1.0000  -2.2323   0.0000   0.0000   0.0000   0.2544
   7.500   0.9832   0.01677   0.00911  -0.0137  0.2209  1.0000  -2.2865   0.0000   0.0000   0.0000   0.2522
   7.750   1.0027   0.01708   0.00940  -0.0123  0.2177  1.0000  -2.3435   0.0000   0.0000   0.0000   0.2502
   8.000   1.0227   0.01749   0.00977  -0.0110  0.2145  1.0000  -2.4024   0.0000   0.0000   0.0000   0.2484
   8.250   1.0418   0.01776   0.01013  -0.0095  0.2112  1.0000  -2.4600   0.0000   0.0000   0.0000   0.2464
   8.500   1.0615   0.01807   0.01045  -0.0081  0.2080  1.0000  -2.5227   0.0000   0.0000   0.0000   0.2446
   8.750   1.0823   0.01852   0.01082  -0.0070  0.2050  1.0000  -2.5878   0.0000   0.0000   0.0000   0.2431
   9.000   1.1013   0.01884   0.01124  -0.0055  0.2019  1.0000  -2.6519   0.0000   0.0000   0.0000   0.2413
   9.250   1.1207   0.01917   0.01162  -0.0041  0.1986  1.0000  -2.7185   0.0000   0.0000   0.0000   0.2396
   9.500   1.1410   0.01953   0.01196  -0.0030  0.1957  1.0000  -2.7912   0.0000   0.0000   0.0000   0.2382
   9.750   1.1616   0.02001   0.01245  -0.0019  0.1928  1.0000  -2.8658   0.0000   0.0000   0.0000   0.2369
  10.000   1.1803   0.02035   0.01289  -0.0005  0.1896  1.0000  -2.9401   0.0000   0.0000   0.0000   0.2353
  10.250   1.2003   0.02071   0.01328   0.0007  0.1865  1.0000  -3.0223   0.0000   0.0000   0.0000   0.2339
  10.500   1.2224   0.02123   0.01372   0.0014  0.1837  1.0000  -3.1137   0.0000   0.0000   0.0000   0.2330
  10.750   1.2397   0.02161   0.01426   0.0029  0.1806  1.0000  -3.1993   0.0000   0.0000   0.0000   0.2314
  11.000   1.2582   0.02199   0.01471   0.0042  0.1774  1.0000  -3.2932   0.0000   0.0000   0.0000   0.2300
  11.250   1.2780   0.02241   0.01511   0.0052  0.1746  1.0000  -3.3950   0.0000   0.0000   0.0000   0.2288
  11.500   1.2962   0.02294   0.01570   0.0065  0.1717  1.0000  -3.4979   0.0000   0.0000   0.0000   0.2275
  11.750   1.3121   0.02336   0.01624   0.0081  0.1684  1.0000  -3.5981   0.0000   0.0000   0.0000   0.2260
  12.000   1.3287   0.02377   0.01667   0.0095  0.1655  1.0000  -3.7072   0.0000   0.0000   0.0000   0.2245
  12.250   1.3458   0.02435   0.01723   0.0108  0.1627  1.0000  -3.8180   0.0000   0.0000   0.0000   0.2232
  12.500   1.3556   0.02484   0.01789   0.0133  0.1597  1.0000  -3.9139   0.0000   0.0000   0.0000   0.2210
  12.750   1.3683   0.02534   0.01844   0.0152  0.1567  1.0000  -4.0218   0.0000   0.0000   0.0000   0.2193
  13.000   1.3845   0.02594   0.01899   0.0164  0.1539  1.0000  -4.1411   0.0000   0.0000   0.0000   0.2181
  13.250   1.3930   0.02666   0.01989   0.0185  0.1508  1.0000  -4.2364   0.0000   0.0000   0.0000   0.2162
  13.500   1.4037   0.02735   0.02067   0.0201  0.1477  1.0000  -4.3463   0.0000   0.0000   0.0000   0.2146
  13.750   1.4164   0.02807   0.02138   0.0214  0.1449  1.0000  -4.4651   0.0000   0.0000   0.0000   0.2133
  14.000   1.4250   0.02905   0.02249   0.0229  0.1419  1.0000  -4.5691   0.0000   0.0000   0.0000   0.2119
  14.250   1.4336   0.03003   0.02359   0.0242  0.1388  1.0000  -4.6742   0.0000   0.0000   0.0000   0.2105
  14.500   1.4435   0.03102   0.02459   0.0253  0.1360  1.0000  -4.7857   0.0000   0.0000   0.0000   0.2094
  14.750   1.4505   0.03231   0.02600   0.0264  0.1330  1.0000  -4.8868   0.0000   0.0000   0.0000   0.2082
  15.000   1.4568   0.03369   0.02750   0.0272  0.1298  1.0000  -4.9914   0.0000   0.0000   0.0000   0.2071
  15.250   1.4640   0.03509   0.02891   0.0279  0.1270  1.0000  -5.1010   0.0000   0.0000   0.0000   0.2062
  15.500   1.4683   0.03684   0.03079   0.0284  0.1240  1.0000  -5.1975   0.0000   0.0000   0.0000   0.2053
  15.750   1.4719   0.03875   0.03282   0.0287  0.1208  1.0000  -5.2914   0.0000   0.0000   0.0000   0.2046
  16.000   1.4758   0.04066   0.03475   0.0289  0.1181  1.0000  -5.3883   0.0000   0.0000   0.0000   0.2039
  16.250   1.4764   0.04307   0.03730   0.0288  0.1151  1.0000  -5.4687   0.0000   0.0000   0.0000   0.2033
  16.500   1.4765   0.04564   0.04000   0.0285  0.1121  1.0000  -5.5466   0.0000   0.0000   0.0000   0.2029
  16.750   1.4764   0.04821   0.04256   0.0281  0.1094  1.0000  -5.6257   0.0000   0.0000   0.0000   0.2025
  17.000   1.4723   0.05147   0.04600   0.0273  0.1065  1.0000  -5.6828   0.0000   0.0000   0.0000   0.2024
  17.250   1.4680   0.05489   0.04954   0.0263  0.1036  1.0000  -5.7405   0.0000   0.0000   0.0000   0.2023
  17.500   1.4641   0.05817   0.05280   0.0254  0.1010  1.0000  -5.8057   0.0000   0.0000   0.0000   0.2022
  17.750   1.4546   0.06251   0.05735   0.0238  0.0982  1.0000  -5.8379   0.0000   0.0000   0.0000   0.2025
  18.000   1.4454   0.06691   0.06185   0.0221  0.0955  1.0000  -5.8712   0.0000   0.0000   0.0000   0.2030


