xflr5 v6.62

 Calculated polar for: NACA 64(1)-212

 1 1 Reynolds number fixed          Mach number fixed         

 xtrf =   1.000 (top)        1.000 (bottom)
 Mach =   0.000     Re =     0.300 e 6     Ncrit =   9.000

  alpha     CL        CD       CDp       Cm    Top Xtr Bot Xtr   Cpmin    Chinge    XCp    
 ------- -------- --------- --------- -------- ------- ------- -------- --------- ---------
 -12.000  -0.4676   0.09594   0.09272  -0.0425  1.0000  0.0169  -2.5515   0.0000   0.0000   0.0000   0.1464
 -10.250  -0.6129   0.04897   0.04501  -0.0639  1.0000  0.0135  -4.0451   0.0000   0.0000   0.0000   0.1359
 -10.000  -0.6364   0.04606   0.04197  -0.0616  1.0000  0.0134  -4.1256   0.0000   0.0000   0.0000   0.1438
  -9.750  -0.6572   0.04403   0.03982  -0.0579  1.0000  0.0135  -4.1629   0.0000   0.0000   0.0000   0.1529
  -9.500  -0.6780   0.04272   0.03841  -0.0527  1.0000  0.0135  -4.1781   0.0000   0.0000   0.0000   0.1637
  -8.750  -0.7660   0.03237   0.02721  -0.0335  1.0000  0.0143  -4.6613   0.0000   0.0000   0.0000   0.1986
  -8.500  -0.7567   0.02910   0.02369  -0.0329  0.9973  0.0159  -4.5653   0.0000   0.0000   0.0000   0.1991
  -8.250  -0.7260   0.02875   0.02336  -0.0347  0.9931  0.0172  -4.2082   0.0000   0.0000   0.0000   0.1949
  -8.000  -0.6946   0.02838   0.02297  -0.0365  0.9878  0.0188  -3.8690   0.0000   0.0000   0.0000   0.1904
  -7.750  -0.6637   0.02768   0.02220  -0.0382  0.9821  0.0205  -3.5977   0.0000   0.0000   0.0000   0.1857
  -7.500  -0.6316   0.02690   0.02134  -0.0399  0.9764  0.0225  -3.3752   0.0000   0.0000   0.0000   0.1802
  -7.250  -0.5971   0.02654   0.02086  -0.0419  0.9712  0.0245  -3.1386   0.0000   0.0000   0.0000   0.1734
  -7.000  -0.5631   0.02525   0.01942  -0.0439  0.9664  0.0251  -2.9898   0.0000   0.0000   0.0000   0.1656
  -6.750  -0.5271   0.02410   0.01812  -0.0462  0.9619  0.0257  -2.8361   0.0000   0.0000   0.0000   0.1560
  -6.500  -0.4901   0.02324   0.01714  -0.0487  0.9565  0.0261  -2.6721   0.0000   0.0000   0.0000   0.1444
  -6.250  -0.4614   0.01985   0.01344  -0.0498  0.9492  0.0279  -2.6645   0.0000   0.0000   0.0000   0.1358
  -6.000  -0.4407   0.01770   0.01114  -0.0488  0.9423  0.0308  -2.6284   0.0000   0.0000   0.0000   0.1330
  -5.750  -0.4160   0.01666   0.01000  -0.0484  0.9340  0.0313  -2.5478   0.0000   0.0000   0.0000   0.1275
  -5.500  -0.3916   0.01575   0.00906  -0.0480  0.9253  0.0346  -2.4421   0.0000   0.0000   0.0000   0.1212
  -5.250  -0.3669   0.01494   0.00819  -0.0475  0.9165  0.0371  -2.3502   0.0000   0.0000   0.0000   0.1144
  -5.000  -0.3430   0.01416   0.00731  -0.0469  0.9068  0.0401  -2.2742   0.0000   0.0000   0.0000   0.1073
  -4.750  -0.3201   0.01348   0.00638  -0.0460  0.8973  0.0460  -2.1760   0.0000   0.0000   0.0000   0.1003
  -4.500  -0.2965   0.01308   0.00591  -0.0453  0.8895  0.0499  -2.0637   0.0000   0.0000   0.0000   0.0912
  -4.250  -0.2741   0.01239   0.00512  -0.0444  0.8803  0.0593  -1.9773   0.0000   0.0000   0.0000   0.0821
  -4.000  -0.2540   0.01120   0.00433  -0.0434  0.8706  0.1369  -1.9016   0.0000   0.0000   0.0000   0.0731
  -3.750  -0.2383   0.00930   0.00372  -0.0426  0.8602  0.4467  -1.7980   0.0000   0.0000   0.0000   0.0653
  -3.500  -0.2139   0.00908   0.00381  -0.0420  0.8493  0.5413  -1.6592   0.0000   0.0000   0.0000   0.0479
  -3.250  -0.1878   0.00897   0.00382  -0.0415  0.8430  0.5781  -1.5162   0.0000   0.0000   0.0000   0.0230
  -3.000  -0.1606   0.00899   0.00377  -0.0413  0.8354  0.5975  -1.3727   0.0000   0.0000   0.0000  -0.0136
  -2.750  -0.1343   0.00892   0.00376  -0.0408  0.8272  0.6181  -1.2346   0.0000   0.0000   0.0000  -0.0606
  -2.500  -0.1082   0.00903   0.00386  -0.0401  0.8190  0.6423  -1.0991   0.0000   0.0000   0.0000  -0.1279
  -2.250  -0.0822   0.00908   0.00390  -0.0394  0.8104  0.6623  -0.9681   0.0000   0.0000   0.0000  -0.2373
  -2.000  -0.0562   0.00928   0.00412  -0.0387  0.8000  0.6787  -0.8408   0.0000   0.0000   0.0000  -0.4486
  -1.750  -0.0291   0.00935   0.00420  -0.0384  0.7949  0.6912  -0.7153   0.0000   0.0000   0.0000  -1.0891
  -1.500  -0.0011   0.00939   0.00420  -0.0384  0.7882  0.6979  -0.5932   0.0000   0.0000   0.0000  -34.8061
  -1.250   0.0265   0.00926   0.00404  -0.0385  0.7807  0.7068  -0.4838   0.0000   0.0000   0.0000   1.7114
  -1.000   0.0535   0.00918   0.00397  -0.0382  0.7732  0.7156  -0.4186   0.0000   0.0000   0.0000   0.9687
  -0.750   0.0807   0.00917   0.00393  -0.0380  0.7655  0.7225  -0.4316   0.0000   0.0000   0.0000   0.7229
  -0.500   0.1082   0.00923   0.00394  -0.0379  0.7565  0.7291  -0.4446   0.0000   0.0000   0.0000   0.6012
  -0.250   0.1363   0.00932   0.00402  -0.0381  0.7487  0.7360  -0.4574   0.0000   0.0000   0.0000   0.5296
   0.000   0.1646   0.00931   0.00403  -0.0383  0.7437  0.7425  -0.4705   0.0000   0.0000   0.0000   0.4823
   0.250   0.1929   0.00934   0.00405  -0.0386  0.7374  0.7478  -0.4836   0.0000   0.0000   0.0000   0.4488
   0.500   0.2208   0.00926   0.00398  -0.0387  0.7307  0.7562  -0.4966   0.0000   0.0000   0.0000   0.4239
   0.750   0.2477   0.00922   0.00397  -0.0385  0.7240  0.7652  -0.5095   0.0000   0.0000   0.0000   0.4038
   1.000   0.2746   0.00925   0.00400  -0.0382  0.7172  0.7732  -0.5265   0.0000   0.0000   0.0000   0.3874
   1.250   0.3018   0.00934   0.00407  -0.0381  0.7097  0.7813  -0.5435   0.0000   0.0000   0.0000   0.3742
   1.500   0.3293   0.00955   0.00426  -0.0381  0.6996  0.7892  -0.5924   0.0000   0.0000   0.0000   0.3636
   1.750   0.3571   0.00953   0.00428  -0.0382  0.6944  0.7961  -0.7233   0.0000   0.0000   0.0000   0.3545
   2.000   0.3846   0.00947   0.00424  -0.0381  0.6864  0.8037  -0.8583   0.0000   0.0000   0.0000   0.3466
   2.250   0.4100   0.00931   0.00411  -0.0374  0.6742  0.8142  -0.9938   0.0000   0.0000   0.0000   0.3384
   2.500   0.4349   0.00930   0.00401  -0.0364  0.6572  0.8233  -1.1325   0.0000   0.0000   0.0000   0.3308
   2.750   0.4605   0.00926   0.00401  -0.0358  0.6423  0.8323  -1.2763   0.0000   0.0000   0.0000   0.3245
   3.000   0.4862   0.00918   0.00390  -0.0351  0.6226  0.8411  -1.4246   0.0000   0.0000   0.0000   0.3189
   3.250   0.5116   0.00925   0.00385  -0.0345  0.5975  0.8481  -1.5753   0.0000   0.0000   0.0000   0.3138
   3.500   0.5371   0.00919   0.00388  -0.0340  0.5851  0.8593  -1.7278   0.0000   0.0000   0.0000   0.3095
   3.750   0.5604   0.00922   0.00394  -0.0328  0.5690  0.8699  -1.8764   0.0000   0.0000   0.0000   0.3047
   4.000   0.5827   0.00932   0.00400  -0.0315  0.5441  0.8808  -2.0239   0.0000   0.0000   0.0000   0.3000
   4.250   0.6026   0.00956   0.00401  -0.0299  0.4809  0.8919  -2.1651   0.0000   0.0000   0.0000   0.2952
   4.500   0.6170   0.01028   0.00418  -0.0276  0.3626  0.9028  -2.2865   0.0000   0.0000   0.0000   0.2901
   4.750   0.6203   0.01154   0.00473  -0.0236  0.2077  0.9208  -2.3687   0.0000   0.0000   0.0000   0.2833
   5.000   0.6253   0.01279   0.00538  -0.0200  0.0838  0.9385  -2.4415   0.0000   0.0000   0.0000   0.2770
   5.250   0.6363   0.01391   0.00618  -0.0173  0.0333  0.9548  -2.4506   0.0000   0.0000   0.0000   0.2720
   5.500   0.6648   0.01485   0.00733  -0.0180  0.0276  0.9736  -2.4993   0.0000   0.0000   0.0000   0.2716
   5.750   0.6882   0.01625   0.00917  -0.0178  0.0260  0.9961  -2.5459   0.0000   0.0000   0.0000   0.2703
   6.000   0.7015   0.01743   0.01047  -0.0158  0.0256  1.0000  -2.6001   0.0000   0.0000   0.0000   0.2667
   6.250   0.7201   0.01857   0.01170  -0.0146  0.0255  1.0000  -2.6778   0.0000   0.0000   0.0000   0.2643
   6.500   0.7422   0.01978   0.01297  -0.0140  0.0255  1.0000  -2.7679   0.0000   0.0000   0.0000   0.2626
   6.750   0.7674   0.02186   0.01519  -0.0140  0.0247  1.0000  -2.8368   0.0000   0.0000   0.0000   0.2617
   7.000   0.7915   0.02347   0.01689  -0.0138  0.0234  1.0000  -2.9517   0.0000   0.0000   0.0000   0.2608
   7.250   0.8119   0.02321   0.01663  -0.0131  0.0224  1.0000  -3.1543   0.0000   0.0000   0.0000   0.2592
   7.500   0.8328   0.02361   0.01706  -0.0124  0.0214  1.0000  -3.3284   0.0000   0.0000   0.0000   0.2577
   7.750   0.8541   0.02452   0.01804  -0.0117  0.0206  1.0000  -3.4742   0.0000   0.0000   0.0000   0.2563
   8.000   0.8757   0.02597   0.01961  -0.0112  0.0203  1.0000  -3.5855   0.0000   0.0000   0.0000   0.2550
   8.250   0.8959   0.02751   0.02129  -0.0104  0.0201  1.0000  -3.6922   0.0000   0.0000   0.0000   0.2536
   8.500   0.9135   0.02847   0.02239  -0.0092  0.0189  1.0000  -3.8547   0.0000   0.0000   0.0000   0.2519
   8.750   0.9295   0.02952   0.02352  -0.0079  0.0180  1.0000  -4.0103   0.0000   0.0000   0.0000   0.2500
   9.000   0.9440   0.03075   0.02486  -0.0064  0.0174  1.0000  -4.1449   0.0000   0.0000   0.0000   0.2480
   9.250   0.9564   0.03197   0.02619  -0.0047  0.0168  1.0000  -4.2761   0.0000   0.0000   0.0000   0.2458
   9.500   0.9649   0.03310   0.02742  -0.0024  0.0163  1.0000  -4.3993   0.0000   0.0000   0.0000   0.2431
   9.750   0.9687   0.03411   0.02853   0.0007  0.0159  1.0000  -4.5118   0.0000   0.0000   0.0000   0.2397
  10.000   0.9716   0.03511   0.02961   0.0037  0.0154  1.0000  -4.6289   0.0000   0.0000   0.0000   0.2363
  10.250   0.9729   0.03610   0.03068   0.0066  0.0150  1.0000  -4.7466   0.0000   0.0000   0.0000   0.2330
  10.500   0.9742   0.03713   0.03177   0.0093  0.0146  1.0000  -4.8708   0.0000   0.0000   0.0000   0.2299
  10.750   0.9741   0.03823   0.03294   0.0118  0.0142  1.0000  -4.9914   0.0000   0.0000   0.0000   0.2269
  11.000   0.9735   0.03948   0.03426   0.0142  0.0138  1.0000  -5.1080   0.0000   0.0000   0.0000   0.2242
  11.250   0.9702   0.04105   0.03592   0.0164  0.0134  1.0000  -5.2024   0.0000   0.0000   0.0000   0.2214
  11.500   0.9641   0.04309   0.03808   0.0185  0.0131  1.0000  -5.2650   0.0000   0.0000   0.0000   0.2188
  11.750   0.9528   0.04574   0.04088   0.0205  0.0127  1.0000  -5.2773   0.0000   0.0000   0.0000   0.2160
  12.000   0.9365   0.04898   0.04430   0.0223  0.0125  1.0000  -5.2437   0.0000   0.0000   0.0000   0.2134
  12.250   0.9171   0.05273   0.04824   0.0235  0.0123  1.0000  -5.1795   0.0000   0.0000   0.0000   0.2112
  12.500   0.8962   0.05685   0.05255   0.0240  0.0121  1.0000  -5.1006   0.0000   0.0000   0.0000   0.2096
  12.750   0.8752   0.06122   0.05709   0.0238  0.0121  1.0000  -5.0184   0.0000   0.0000   0.0000   0.2088
  13.000   0.8547   0.06587   0.06190   0.0228  0.0120  1.0000  -4.9371   0.0000   0.0000   0.0000   0.2088
  13.250   0.8353   0.07086   0.06704   0.0211  0.0120  1.0000  -4.8558   0.0000   0.0000   0.0000   0.2098
  13.500   0.8169   0.07623   0.07255   0.0188  0.0120  1.0000  -4.7732   0.0000   0.0000   0.0000   0.2116
  13.750   0.7997   0.08204   0.07847   0.0158  0.0121  1.0000  -4.6861   0.0000   0.0000   0.0000   0.2145
  14.000   0.7837   0.08835   0.08490   0.0121  0.0121  1.0000  -4.5895   0.0000   0.0000   0.0000   0.2184
  14.250   0.7683   0.09541   0.09207   0.0077  0.0122  1.0000  -4.4728   0.0000   0.0000   0.0000   0.2235
  14.500   0.7522   0.10396   0.10073   0.0023  0.0125  1.0000  -4.2945   0.0000   0.0000   0.0000   0.2302
  14.750   0.7100   0.12393   0.12081  -0.0080  0.0133  1.0000  -3.4666   0.0000   0.0000   0.0000   0.2451
  15.000   0.6981   0.13296   0.12982  -0.0123  0.0132  1.0000  -3.2026   0.0000   0.0000   0.0000   0.2515
  15.250   0.6920   0.14008   0.13693  -0.0157  0.0131  1.0000  -3.0424   0.0000   0.0000   0.0000   0.2564
  15.500   0.6840   0.14843   0.14526  -0.0194  0.0133  1.0000  -2.7826   0.0000   0.0000   0.0000   0.2621
  15.750   0.6456   0.17061   0.16737  -0.0265  0.0236  1.0000  -1.7258   0.0000   0.0000   0.0000   0.2757
  16.000   0.6499   0.17552   0.17228  -0.0286  0.0236  1.0000  -1.6939   0.0000   0.0000   0.0000   0.2783
  16.250   0.6539   0.18059   0.17738  -0.0306  0.0236  1.0000  -1.6645   0.0000   0.0000   0.0000   0.2809
  16.500   0.6588   0.18517   0.18194  -0.0325  0.0236  1.0000  -1.6426   0.0000   0.0000   0.0000   0.2832
  16.750   0.6640   0.18958   0.18634  -0.0343  0.0235  1.0000  -1.6242   0.0000   0.0000   0.0000   0.2854
  17.000   0.6693   0.19382   0.19058  -0.0362  0.0235  1.0000  -1.6086   0.0000   0.0000   0.0000   0.2875
  17.250   0.6748   0.19790   0.19465  -0.0380  0.0234  1.0000  -1.5960   0.0000   0.0000   0.0000   0.2894
  17.500   0.6804   0.20177   0.19851  -0.0398  0.0233  1.0000  -1.5867   0.0000   0.0000   0.0000   0.2913
  17.750   0.6862   0.20535   0.20208  -0.0415  0.0232  1.0000  -1.5821   0.0000   0.0000   0.0000   0.2930
  18.000   0.6922   0.20845   0.20518  -0.0432  0.0229  1.0000  -1.5854   0.0000   0.0000   0.0000   0.2946


