PACTM_design_iter3
1.00000000 0.00094500
0.99975328 0.00094084
0.99901336 0.00092890
0.99778098 0.00091084
0.99605735 0.00088941
0.99384417 0.00086841
0.99114363 0.00085264
0.98795838 0.00084786
0.98429158 0.00086075
0.98014684 0.00089876
0.97552826 0.00097010
0.97044038 0.00108361
0.96488824 0.00124864
0.95887731 0.00147499
0.95241353 0.00177275
0.94550326 0.00215220
0.93815334 0.00262366
0.93037101 0.00319739
0.92216396 0.00388345
0.91354029 0.00469157
0.90450850 0.00563101
0.89507751 0.00671044
0.88525662 0.00793782
0.87505553 0.00932028
0.86448431 0.01086399
0.85355339 0.01257408
0.84227355 0.01445452
0.83065593 0.01650802
0.81871199 0.01873599
0.80645353 0.02113843
0.79389263 0.02371390
0.78104169 0.02645945
0.76791340 0.02937062
0.75452071 0.03244138
0.74087684 0.03566417
0.72699525 0.03902988
0.71288965 0.04252787
0.69857395 0.04614604
0.68406228 0.04987086
0.66936896 0.05368744
0.65450850 0.05757958
0.63949555 0.06152994
0.62434494 0.06552008
0.60907162 0.06953057
0.59369066 0.07354119
0.57821723 0.07753099
0.56266662 0.08147848
0.54705416 0.08536178
0.53139526 0.08915877
0.51570538 0.09284727
0.50000000 0.09640519
0.48429462 0.09981073
0.46860474 0.10304253
0.45294584 0.10607985
0.43733338 0.10890275
0.42178277 0.11149224
0.40630934 0.11383046
0.39092838 0.11590080
0.37565506 0.11768810
0.36050445 0.11917873
0.34549150 0.12036077
0.33063104 0.12122408
0.31593772 0.12176043
0.30142605 0.12196355
0.28711035 0.12182925
0.27300475 0.12135544
0.25912316 0.12054218
0.24547929 0.11939171
0.23208660 0.11790843
0.21895831 0.11609891
0.20610737 0.11397183
0.19354647 0.11153798
0.18128801 0.10881014
0.16934407 0.10580302
0.15772645 0.10253316
0.14644661 0.09901879
0.13551569 0.09527976
0.12494447 0.09133732
0.11474338 0.08721399
0.10492249 0.08293342
0.09549150 0.07852017
0.08645971 0.07399953
0.07783604 0.06939734
0.06962899 0.06473977
0.06184666 0.06005313
0.05449674 0.05536364
0.04758647 0.05069726
0.04112269 0.04607945
0.03511176 0.04153498
0.02955962 0.03708772
0.02447174 0.03276048
0.01985316 0.02857478
0.01570842 0.02455073
0.01204162 0.02070682
0.00885637 0.01705980
0.00615583 0.01362455
0.00394265 0.01041394
0.00221902 0.00743873
0.00098664 0.00470750
0.00024672 0.00222659
0.00000000 0.00000000
0.00024672 -0.00194257
0.00098664 -0.00357357
0.00221902 -0.00489540
0.00394265 -0.00591232
0.00615583 -0.00663050
0.00885637 -0.00705793
0.01204162 -0.00720433
0.01570842 -0.00708114
0.01985316 -0.00670135
0.02447174 -0.00607949
0.02955962 -0.00523143
0.03511176 -0.00417432
0.04112269 -0.00292643
0.04758647 -0.00150702
0.05449674 0.00006382
0.06184666 0.00176531
0.06962899 0.00357611
0.07783604 0.00547456
0.08645971 0.00743876
0.09549150 0.00944677
0.10492249 0.01147679
0.11474338 0.01350728
0.12494447 0.01551717
0.13551569 0.01748597
0.14644661 0.01939395
0.15772645 0.02122226
0.16934407 0.02295310
0.18128801 0.02456980
0.19354647 0.02605698
0.20610737 0.02740064
0.21895831 0.02858824
0.23208660 0.02960880
0.24547929 0.03045299
0.25912316 0.03111312
0.27300475 0.03158325
0.28711035 0.03185919
0.30142605 0.03193850
0.31593772 0.03182052
0.33063104 0.03150632
0.34549150 0.03099870
0.36050445 0.03030211
0.37565506 0.02942262
0.39092838 0.02836785
0.40630934 0.02714686
0.42178277 0.02577008
0.43733338 0.02424918
0.45294584 0.02259696
0.46860474 0.02082725
0.48429462 0.01895472
0.50000000 0.01699481
0.51570538 0.01496351
0.53139526 0.01287726
0.54705416 0.01075278
0.56266662 0.00860692
0.57821723 0.00645650
0.59369066 0.00431814
0.60907162 0.00220817
0.62434494 0.00014238
0.63949555 -0.00186400
0.65450850 -0.00379653
0.66936896 -0.00564164
0.68406228 -0.00738677
0.69857395 -0.00902045
0.71288965 -0.01053242
0.72699525 -0.01191371
0.74087684 -0.01315671
0.75452071 -0.01425521
0.76791340 -0.01520448
0.78104169 -0.01600127
0.79389263 -0.01664385
0.80645353 -0.01713197
0.81871199 -0.01746689
0.83065593 -0.01765135
0.84227355 -0.01768949
0.85355339 -0.01758683
0.86448431 -0.01735017
0.87505553 -0.01698756
0.88525662 -0.01650814
0.89507751 -0.01592208
0.90450850 -0.01524048
0.91354029 -0.01447518
0.92216396 -0.01363872
0.93037101 -0.01274414
0.93815334 -0.01180485
0.94550326 -0.01083451
0.95241353 -0.00984688
0.95887731 -0.00885566
0.96488824 -0.00787434
0.97044038 -0.00691610
0.97552826 -0.00599362
0.98014684 -0.00511897
0.98429158 -0.00430352
0.98795838 -0.00355774
0.99114363 -0.00289116
0.99384417 -0.00231226
0.99605735 -0.00182836
0.99778098 -0.00144555
0.99901336 -0.00116863
0.99975328 -0.00100108
1.00000000 -0.00094500
