xflr5 v6.62

 Calculated polar for: PACTM_design_iter3

 1 1 Reynolds number fixed          Mach number fixed         

 xtrf =   1.000 (top)        1.000 (bottom)
 Mach =   0.000     Re =     0.300 e 6     Ncrit =   9.000

  alpha     CL        CD       CDp       Cm    Top Xtr Bot Xtr   Cpmin    Chinge    XCp    
 ------- -------- --------- --------- -------- ------- ------- -------- --------- ---------
 -10.000  -0.3949   0.13998   0.13644   0.0455  0.6213  0.0120  -1.5240   0.0000   0.0000   0.0000   0.3603
  -7.750  -0.3342   0.11042   0.10678   0.0344  0.5929  0.0140  -1.4482   0.0000   0.0000   0.0000   0.3487
  -7.500  -0.3269   0.10737   0.10376   0.0325  0.5894  0.0145  -1.4529   0.0000   0.0000   0.0000   0.3453
  -7.250  -0.3197   0.10433   0.10073   0.0304  0.5860  0.0148  -1.4622   0.0000   0.0000   0.0000   0.3409
  -7.000  -0.3125   0.10135   0.09774   0.0280  0.5831  0.0151  -1.4770   0.0000   0.0000   0.0000   0.3356
  -6.750  -0.3056   0.09875   0.09511   0.0260  0.5806  0.0153  -1.5007   0.0000   0.0000   0.0000   0.3311
  -6.500  -0.2933   0.09609   0.09238   0.0228  0.5781  0.0155  -1.5333   0.0000   0.0000   0.0000   0.3238
  -6.250  -0.2781   0.09345   0.08974   0.0190  0.5747  0.0156  -1.5687   0.0000   0.0000   0.0000   0.3143
  -6.000  -0.2610   0.09083   0.08709   0.0153  0.5712  0.0156  -1.6012   0.0000   0.0000   0.0000   0.3041
  -5.750  -0.2424   0.08819   0.08438   0.0117  0.5681  0.0157  -1.6299   0.0000   0.0000   0.0000   0.2934
  -5.500  -0.2293   0.08412   0.08027   0.0108  0.5652  0.0158  -1.5832   0.0000   0.0000   0.0000   0.2920
  -5.250  -0.2198   0.08000   0.07609   0.0111  0.5626  0.0160  -1.4697   0.0000   0.0000   0.0000   0.2957
  -5.000  -0.2044   0.07671   0.07282   0.0097  0.5592  0.0163  -1.3863   0.0000   0.0000   0.0000   0.2925
  -4.750  -0.1864   0.07371   0.06979   0.0080  0.5558  0.0166  -1.3294   0.0000   0.0000   0.0000   0.2873
  -4.500  -0.1667   0.07080   0.06681   0.0062  0.5526  0.0171  -1.3035   0.0000   0.0000   0.0000   0.2809
  -4.250  -0.1458   0.06793   0.06384   0.0044  0.5497  0.0177  -1.2882   0.0000   0.0000   0.0000   0.2735
  -4.000  -0.1237   0.06514   0.06093   0.0027  0.5470  0.0184  -1.2841   0.0000   0.0000   0.0000   0.2642
  -3.750  -0.0968   0.06241   0.05816   0.0005  0.5434  0.0193  -1.3211   0.0000   0.0000   0.0000   0.2455
  -3.500  -0.0556   0.06089   0.05643  -0.0033  0.5399  0.0198  -1.5277   0.0000   0.0000   0.0000   0.1719
  -3.250  -0.0422   0.05680   0.05232  -0.0031  0.5369  0.0201  -1.4454   0.0000   0.0000   0.0000   0.1546
  -3.000  -0.0249   0.05388   0.04933  -0.0032  0.5342  0.0207  -1.3384   0.0000   0.0000   0.0000   0.0874
  -2.750  -0.0020   0.05153   0.04684  -0.0038  0.5315  0.0217  -1.2850   0.0000   0.0000   0.0000  -2.0284
  -2.500   0.0273   0.04931   0.04455  -0.0050  0.5280  0.0238  -1.2957   0.0000   0.0000   0.0000   0.4583
  -2.250   0.0607   0.04703   0.04209  -0.0061  0.5245  0.0247  -1.3887   0.0000   0.0000   0.0000   0.3620
  -2.000   0.0794   0.04438   0.03938  -0.0060  0.5212  0.0254  -1.2577   0.0000   0.0000   0.0000   0.3329
  -1.750   0.1036   0.04231   0.03718  -0.0061  0.5184  0.0264  -1.1721   0.0000   0.0000   0.0000   0.3137
  -1.500   0.1303   0.04042   0.03510  -0.0062  0.5158  0.0280  -1.1203   0.0000   0.0000   0.0000   0.3005
  -1.250   0.1714   0.03906   0.03348  -0.0066  0.5127  0.0296  -1.2475   0.0000   0.0000   0.0000   0.2901
  -1.000   0.1886   0.03632   0.03076  -0.0064  0.5092  0.0303  -1.0781   0.0000   0.0000   0.0000   0.2849
  -0.750   0.2127   0.03455   0.02889  -0.0063  0.5059  0.0317  -0.9871   0.0000   0.0000   0.0000   0.2796
  -0.500   0.2520   0.03347   0.02741  -0.0056  0.5031  0.0351  -1.1175   0.0000   0.0000   0.0000   0.2717
  -0.250   0.2695   0.03102   0.02491  -0.0053  0.5004  0.0361  -1.0331   0.0000   0.0000   0.0000   0.2688
   0.000   0.2959   0.02961   0.02344  -0.0053  0.4972  0.0390  -1.0564   0.0000   0.0000   0.0000   0.2663
   0.250   0.3243   0.02806   0.02174  -0.0049  0.4939  0.0431  -1.0800   0.0000   0.0000   0.0000   0.2634
   0.500   0.3566   0.02665   0.02003  -0.0042  0.4909  0.0480  -1.1048   0.0000   0.0000   0.0000   0.2594
   0.750   0.3804   0.02525   0.01856  -0.0040  0.4879  0.0498  -1.1288   0.0000   0.0000   0.0000   0.2579
   1.000   0.4102   0.02393   0.01692  -0.0033  0.4853  0.0553  -1.1540   0.0000   0.0000   0.0000   0.2549
   1.250   0.4368   0.02292   0.01586  -0.0032  0.4821  0.0593  -1.1800   0.0000   0.0000   0.0000   0.2540
   1.500   0.4653   0.02184   0.01466  -0.0031  0.4788  0.0660  -1.2064   0.0000   0.0000   0.0000   0.2528
   2.500   0.5918   0.01577   0.00729  -0.0023  0.4676  0.0533  -1.3195   0.0000   0.0000   0.0000   0.2488
   3.000   0.6468   0.01520   0.00676  -0.0023  0.4608  0.0675  -1.3772   0.0000   0.0000   0.0000   0.2479
   3.250   0.6732   0.01505   0.00657  -0.0021  0.4579  0.0780  -1.4062   0.0000   0.0000   0.0000   0.2471
   3.500   0.6985   0.01488   0.00641  -0.0016  0.4553  0.0898  -1.4347   0.0000   0.0000   0.0000   0.2461
   3.750   0.7240   0.01490   0.00638  -0.0013  0.4526  0.1059  -1.4632   0.0000   0.0000   0.0000   0.2452
   4.000   0.7500   0.01485   0.00647  -0.0012  0.4492  0.1270  -1.4913   0.0000   0.0000   0.0000   0.2447
   4.250   0.7759   0.01481   0.00653  -0.0011  0.4459  0.1574  -1.5212   0.0000   0.0000   0.0000   0.2442
   4.500   0.8001   0.01469   0.00655  -0.0006  0.4430  0.2240  -1.5502   0.0000   0.0000   0.0000   0.2431
   5.000   1.0129   0.01456   0.00765  -0.0345  0.4337  1.0000  -1.7400   0.0000   0.0000   0.0000   0.2758
   5.250   1.0396   0.01470   0.00782  -0.0347  0.4303  1.0000  -1.7733   0.0000   0.0000   0.0000   0.2747
   5.500   1.0660   0.01484   0.00793  -0.0348  0.4274  1.0000  -1.8067   0.0000   0.0000   0.0000   0.2736
   5.750   1.0921   0.01497   0.00802  -0.0347  0.4248  1.0000  -1.8404   0.0000   0.0000   0.0000   0.2724
   6.000   1.1179   0.01519   0.00816  -0.0347  0.4222  1.0000  -1.8739   0.0000   0.0000   0.0000   0.2713
   6.250   1.1443   0.01542   0.00850  -0.0350  0.4191  1.0000  -1.9065   0.0000   0.0000   0.0000   0.2705
   6.500   1.1703   0.01562   0.00877  -0.0352  0.4157  1.0000  -1.9409   0.0000   0.0000   0.0000   0.2696
   6.750   1.1960   0.01581   0.00898  -0.0352  0.4127  1.0000  -1.9756   0.0000   0.0000   0.0000   0.2686
   7.000   1.2215   0.01598   0.00915  -0.0352  0.4101  1.0000  -2.0106   0.0000   0.0000   0.0000   0.2675
   7.250   1.2467   0.01619   0.00934  -0.0350  0.4076  1.0000  -2.0457   0.0000   0.0000   0.0000   0.2664
   7.500   1.2719   0.01651   0.00974  -0.0352  0.4046  1.0000  -2.0795   0.0000   0.0000   0.0000   0.2656
   7.750   1.2971   0.01679   0.01014  -0.0353  0.4012  1.0000  -2.1150   0.0000   0.0000   0.0000   0.2648
   8.000   1.3220   0.01705   0.01047  -0.0354  0.3982  1.0000  -2.1508   0.0000   0.0000   0.0000   0.2639
   8.250   1.3468   0.01727   0.01074  -0.0353  0.3955  1.0000  -2.1870   0.0000   0.0000   0.0000   0.2629
   8.500   1.3714   0.01748   0.01095  -0.0351  0.3929  1.0000  -2.2236   0.0000   0.0000   0.0000   0.2619
   8.750   1.3956   0.01786   0.01137  -0.0350  0.3901  1.0000  -2.2598   0.0000   0.0000   0.0000   0.2610
   9.000   1.4193   0.01825   0.01195  -0.0352  0.3868  1.0000  -2.2955   0.0000   0.0000   0.0000   0.2602
   9.250   1.4430   0.01861   0.01244  -0.0351  0.3837  1.0000  -2.4310   0.0000   0.0000   0.0000   0.2593
   9.500   1.4666   0.01888   0.01279  -0.0350  0.3808  1.0000  -2.6561   0.0000   0.0000   0.0000   0.2584
   9.750   1.4906   0.01904   0.01296  -0.0347  0.3777  1.0000  -2.8906   0.0000   0.0000   0.0000   0.2573
  10.000   1.5127   0.01925   0.01331  -0.0345  0.3714  1.0000  -3.1228   0.0000   0.0000   0.0000   0.2564
  10.250   1.5355   0.01910   0.01322  -0.0342  0.3636  1.0000  -3.3681   0.0000   0.0000   0.0000   0.2553
  10.500   1.5568   0.01931   0.01354  -0.0340  0.3565  1.0000  -3.6279   0.0000   0.0000   0.0000   0.2544
  10.750   1.5776   0.01946   0.01377  -0.0337  0.3485  1.0000  -3.9088   0.0000   0.0000   0.0000   0.2534
  11.000   1.5964   0.01984   0.01429  -0.0333  0.3398  1.0000  -4.1824   0.0000   0.0000   0.0000   0.2524
  11.250   1.6134   0.02027   0.01478  -0.0328  0.3290  1.0000  -4.4516   0.0000   0.0000   0.0000   0.2513
  11.500   1.6255   0.02108   0.01567  -0.0322  0.3153  1.0000  -4.6892   0.0000   0.0000   0.0000   0.2502
  11.750   1.6293   0.02262   0.01733  -0.0316  0.2991  1.0000  -4.8686   0.0000   0.0000   0.0000   0.2493
  12.000   1.6148   0.02485   0.01957  -0.0289  0.2852  1.0000  -4.9313   0.0000   0.0000   0.0000   0.2471
  12.250   1.5930   0.02723   0.02194  -0.0248  0.2733  1.0000  -4.9498   0.0000   0.0000   0.0000   0.2442
  12.500   1.5713   0.03029   0.02498  -0.0219  0.2560  1.0000  -4.9626   0.0000   0.0000   0.0000   0.2420
  12.750   1.5468   0.03400   0.02862  -0.0195  0.2367  1.0000  -4.9544   0.0000   0.0000   0.0000   0.2401
  13.000   1.5206   0.03820   0.03275  -0.0177  0.2187  1.0000  -4.9331   0.0000   0.0000   0.0000   0.2384
  13.250   1.4940   0.04274   0.03721  -0.0163  0.1987  1.0000  -4.9058   0.0000   0.0000   0.0000   0.2371
  13.500   1.4671   0.04769   0.04208  -0.0153  0.1803  1.0000  -4.8735   0.0000   0.0000   0.0000   0.2360
  13.750   1.4403   0.05299   0.04731  -0.0148  0.1603  1.0000  -4.8379   0.0000   0.0000   0.0000   0.2352
  14.000   1.4133   0.05860   0.05284  -0.0146  0.1406  1.0000  -4.7988   0.0000   0.0000   0.0000   0.2347
  14.250   1.3866   0.06440   0.05856  -0.0147  0.1205  1.0000  -4.7575   0.0000   0.0000   0.0000   0.2343
  14.500   1.3602   0.07038   0.06445  -0.0149  0.1001  1.0000  -4.7143   0.0000   0.0000   0.0000   0.2342
  14.750   1.3344   0.07653   0.07050  -0.0154  0.0795  1.0000  -4.6697   0.0000   0.0000   0.0000   0.2342
  15.000   1.3093   0.08270   0.07659  -0.0160  0.0603  1.0000  -4.6261   0.0000   0.0000   0.0000   0.2344
  15.250   1.2865   0.08879   0.08260  -0.0167  0.0453  1.0000  -4.5903   0.0000   0.0000   0.0000   0.2346
  15.500   1.2677   0.09451   0.08828  -0.0175  0.0363  1.0000  -4.5747   0.0000   0.0000   0.0000   0.2349
  15.750   1.2534   0.09972   0.09352  -0.0183  0.0311  1.0000  -4.5854   0.0000   0.0000   0.0000   0.2352
  16.000   1.2417   0.10459   0.09845  -0.0191  0.0279  1.0000  -4.6127   0.0000   0.0000   0.0000   0.2355
  16.250   1.2315   0.10933   0.10324  -0.0199  0.0254  1.0000  -4.6533   0.0000   0.0000   0.0000   0.2358
  16.500   1.2224   0.11400   0.10799  -0.0208  0.0235  1.0000  -4.6953   0.0000   0.0000   0.0000   0.2361
  16.750   1.2166   0.11818   0.11224  -0.0217  0.0216  1.0000  -4.7660   0.0000   0.0000   0.0000   0.2364
  17.000   1.2079   0.12285   0.11694  -0.0228  0.0203  1.0000  -4.8114   0.0000   0.0000   0.0000   0.2368
  17.250   1.2027   0.12693   0.12109  -0.0236  0.0192  1.0000  -4.8724   0.0000   0.0000   0.0000   0.2371
  17.500   1.2009   0.13048   0.12471  -0.0244  0.0181  1.0000  -4.9598   0.0000   0.0000   0.0000   0.2372
  17.750   1.1999   0.13383   0.12811  -0.0252  0.0171  1.0000  -5.0575   0.0000   0.0000   0.0000   0.2373
  18.000   1.1997   0.13690   0.13117  -0.0258  0.0161  1.0000  -5.1601   0.0000   0.0000   0.0000   0.2372


