s1223
1.000000 0.000264
0.999561 0.000649
0.998246 0.001788
0.996057 0.003639
0.992998 0.006135
0.989074 0.009189
0.984292 0.012697
0.978660 0.016549
0.972188 0.020636
0.964888 0.024850
0.956773 0.029100
0.947856 0.033309
0.938153 0.037421
0.927682 0.041402
0.916461 0.045236
0.904508 0.048931
0.891847 0.052507
0.878498 0.055997
0.864484 0.059436
0.849832 0.062864
0.834565 0.066313
0.818712 0.069806
0.802300 0.073356
0.785357 0.076961
0.767913 0.080607
0.750000 0.084267
0.731648 0.087909
0.712890 0.091492
0.693758 0.094980
0.674286 0.098336
0.654508 0.101535
0.634460 0.104559
0.614175 0.107406
0.593691 0.110082
0.573042 0.112606
0.552264 0.115001
0.531395 0.117294
0.510471 0.119511
0.489529 0.121670
0.468605 0.123777
0.447736 0.125824
0.426958 0.127787
0.406309 0.129625
0.385825 0.131282
0.365540 0.132689
0.345492 0.133773
0.325714 0.134458
0.306242 0.134675
0.287110 0.134365
0.268352 0.133488
0.250000 0.132020
0.232087 0.129962
0.214643 0.127336
0.197700 0.124179
0.181288 0.120546
0.165435 0.116500
0.150168 0.112103
0.135516 0.107415
0.121502 0.102486
0.108153 0.097352
0.095492 0.092030
0.083539 0.086526
0.072318 0.080829
0.061847 0.074924
0.052144 0.068793
0.043227 0.062428
0.035112 0.055833
0.027812 0.049038
0.021340 0.042100
0.015708 0.035107
0.010926 0.028177
0.007002 0.021457
0.003943 0.015109
0.001754 0.009308
0.000439 0.004222
0.000000 0.000000
0.000439 -0.005245
0.001754 -0.009507
0.003943 -0.012827
0.007002 -0.015275
0.010926 -0.016949
0.015708 -0.017960
0.021340 -0.018424
0.027812 -0.018453
0.035112 -0.018149
0.043227 -0.017595
0.052144 -0.016854
0.061847 -0.015968
0.072318 -0.014953
0.083539 -0.013810
0.095492 -0.012522
0.108153 -0.011062
0.121502 -0.009401
0.135516 -0.007508
0.150168 -0.005360
0.165435 -0.002945
0.181288 -0.000263
0.197700 0.002674
0.214643 0.005836
0.232087 0.009186
0.250000 0.012673
0.268352 0.016245
0.287110 0.019845
0.306242 0.023420
0.325714 0.026922
0.345492 0.030311
0.365540 0.033555
0.385825 0.036634
0.406309 0.039535
0.426958 0.042254
0.447736 0.044789
0.468605 0.047143
0.489529 0.049318
0.510471 0.051315
0.531395 0.053131
0.552264 0.054756
0.573042 0.056178
0.593691 0.057382
0.614175 0.058350
0.634460 0.059064
0.654508 0.059507
0.674286 0.059669
0.693758 0.059544
0.712890 0.059134
0.731648 0.058446
0.750000 0.057494
0.767913 0.056299
0.785357 0.054881
0.802300 0.053264
0.818712 0.051469
0.834565 0.049514
0.849832 0.047410
0.864484 0.045166
0.878498 0.042782
0.891847 0.040257
0.904508 0.037588
0.916461 0.034772
0.927682 0.031811
0.938153 0.028716
0.947856 0.025509
0.956773 0.022222
0.964888 0.018904
0.972188 0.015615
0.978660 0.012428
0.984292 0.009425
0.989074 0.006691
0.992998 0.004312
0.996057 0.002367
0.998246 0.000924
0.999561 0.000036
1.000000 -0.000264
