xflr5 v6.62

 Calculated polar for: s1223

 1 1 Reynolds number fixed          Mach number fixed         

 xtrf =   1.000 (top)        1.000 (bottom)
 Mach =   0.000     Re =     0.300 e 6     Ncrit =   9.000

  alpha     CL        CD       CDp       Cm    Top Xtr Bot Xtr   Cpmin    Chinge    XCp    
 ------- -------- --------- --------- -------- ------- ------- -------- --------- ---------
 -12.000  -0.2533   0.16588   0.16291  -0.0222  1.0000  0.0212  -1.4378   0.0000   0.0000   0.0000   0.1411
 -11.750  -0.2533   0.16415   0.16122  -0.0227  1.0000  0.0213  -1.5056   0.0000   0.0000   0.0000   0.1397
 -11.250  -0.2427   0.15672   0.15385  -0.0215  1.0000  0.0216  -1.4962   0.0000   0.0000   0.0000   0.1407
 -11.000  -0.2369   0.15377   0.15093  -0.0204  1.0000  0.0218  -1.4348   0.0000   0.0000   0.0000   0.1432
 -10.750  -0.2169   0.15002   0.14717  -0.0238  0.9983  0.0222  -1.3690   0.0000   0.0000   0.0000   0.1176
 -10.500  -0.1971   0.14646   0.14360  -0.0277  0.9963  0.0226  -1.3211   0.0000   0.0000   0.0000   0.0847
 -10.250  -0.1779   0.14293   0.14007  -0.0315  0.9938  0.0231  -1.2846   0.0000   0.0000   0.0000   0.0451
 -10.000  -0.1591   0.13942   0.13656  -0.0354  0.9911  0.0236  -1.2539   0.0000   0.0000   0.0000  -0.0033
  -9.750  -0.1395   0.13596   0.13309  -0.0395  0.9888  0.0244  -1.2231   0.0000   0.0000   0.0000  -0.0681
  -9.500  -0.1211   0.13244   0.12956  -0.0433  0.9855  0.0253  -1.1997   0.0000   0.0000   0.0000  -0.1479
  -9.250  -0.1029   0.12893   0.12605  -0.0471  0.9824  0.0261  -1.1841   0.0000   0.0000   0.0000  -0.2551
  -9.000  -0.0843   0.12546   0.12258  -0.0512  0.9796  0.0267  -1.1771   0.0000   0.0000   0.0000  -0.4149
  -8.750  -0.0678   0.12226   0.11937  -0.0552  0.9756  0.0272  -1.1892   0.0000   0.0000   0.0000  -0.6350
  -8.500  -0.0498   0.11918   0.11629  -0.0604  0.9728  0.0275  -1.2107   0.0000   0.0000   0.0000  -1.0583
  -8.250  -0.0362   0.11628   0.11340  -0.0643  0.9676  0.0276  -1.2293   0.0000   0.0000   0.0000  -1.6555
  -8.000  -0.0182   0.11312   0.11024  -0.0698  0.9650  0.0277  -1.2456   0.0000   0.0000   0.0000  -3.8438
  -7.750  -0.0054   0.11006   0.10718  -0.0728  0.9586  0.0277  -1.2807   0.0000   0.0000   0.0000  -14.0850
  -7.500   0.0085   0.10683   0.10397  -0.0758  0.9521  0.0278  -1.3119   0.0000   0.0000   0.0000   9.7150
  -7.250   0.0281   0.10316   0.10030  -0.0802  0.9482  0.0278  -1.3401   0.0000   0.0000   0.0000   3.2607
  -7.000   0.0404   0.09835   0.09552  -0.0794  0.9405  0.0281  -1.2968   0.0000   0.0000   0.0000   2.3213
  -6.750   0.0558   0.09500   0.09218  -0.0790  0.9325  0.0285  -1.2165   0.0000   0.0000   0.0000   1.7376
  -6.500   0.0680   0.09227   0.08946  -0.0792  0.9225  0.0288  -1.1697   0.0000   0.0000   0.0000   1.4710
  -6.250   0.0778   0.08981   0.08702  -0.0792  0.9102  0.0292  -1.1403   0.0000   0.0000   0.0000   1.3147
  -6.000   0.0874   0.08738   0.08461  -0.0795  0.8969  0.0297  -1.1212   0.0000   0.0000   0.0000   1.1983
  -5.750   0.1003   0.08468   0.08191  -0.0807  0.8846  0.0304  -1.1082   0.0000   0.0000   0.0000   1.0872
  -5.500   0.1186   0.08153   0.07874  -0.0835  0.8722  0.0312  -1.1014   0.0000   0.0000   0.0000   0.9801
  -5.250   0.1461   0.07765   0.07480  -0.0890  0.8583  0.0326  -1.1084   0.0000   0.0000   0.0000   0.8803
  -5.000   0.1972   0.07145   0.06846  -0.1076  0.8385  0.0350  -1.3435   0.0000   0.0000   0.0000   0.8111
  -4.750   0.2656   0.06431   0.06107  -0.1214  0.8060  0.0361  -1.2741   0.0000   0.0000   0.0000   0.7187
  -4.500   0.3144   0.06123   0.05756  -0.1288  0.7338  0.0379  -1.1455   0.0000   0.0000   0.0000   0.6693
  -4.250   0.3136   0.06040   0.05622  -0.1261  0.6338  0.0389  -1.1410   0.0000   0.0000   0.0000   0.6610
  -4.000   0.3144   0.05921   0.05473  -0.1246  0.5830  0.0403  -1.1510   0.0000   0.0000   0.0000   0.6542
  -3.500   0.3577   0.05221   0.04744  -0.1379  0.5448  0.0441  -1.3041   0.0000   0.0000   0.0000   0.6416
  -3.250   0.3698   0.05134   0.04646  -0.1359  0.5320  0.0451  -1.1912   0.0000   0.0000   0.0000   0.6226
  -3.000   0.3919   0.04952   0.04459  -0.1380  0.5226  0.0466  -1.1177   0.0000   0.0000   0.0000   0.6063
  -2.750   0.4283   0.04650   0.04144  -0.1454  0.5141  0.0492  -1.0854   0.0000   0.0000   0.0000   0.5928
  -2.500   0.5178   0.03882   0.03356  -0.1707  0.5059  0.0538  -1.1347   0.0000   0.0000   0.0000   0.5820
  -2.250   0.5529   0.03709   0.03177  -0.1747  0.4989  0.0557  -1.0403   0.0000   0.0000   0.0000   0.5677
  -2.000   0.8817   0.01849   0.01058  -0.2565  0.4843  0.0462  -1.4027   0.0000   0.0000   0.0000   0.5420
  -1.750   0.9198   0.01815   0.01008  -0.2587  0.4786  0.0491  -1.2785   0.0000   0.0000   0.0000   0.5319
  -1.500   0.9630   0.01764   0.00929  -0.2619  0.4731  0.0498  -1.2859   0.0000   0.0000   0.0000   0.5221
  -1.250   1.0051   0.01749   0.00889  -0.2647  0.4680  0.0518  -1.3226   0.0000   0.0000   0.0000   0.5131
  -1.000   1.0449   0.01699   0.00841  -0.2673  0.4641  0.0552  -1.3583   0.0000   0.0000   0.0000   0.5051
  -0.750   1.0803   0.01688   0.00829  -0.2688  0.4601  0.0594  -1.3915   0.0000   0.0000   0.0000   0.4977
  -0.500   1.1176   0.01679   0.00818  -0.2708  0.4562  0.0669  -1.4262   0.0000   0.0000   0.0000   0.4907
  -0.250   1.1562   0.01680   0.00812  -0.2730  0.4524  0.0760  -1.4621   0.0000   0.0000   0.0000   0.4842
   0.000   1.1995   0.01691   0.00817  -0.2763  0.4482  0.1058  -1.5008   0.0000   0.0000   0.0000   0.4780
   0.250   1.2342   0.01688   0.00854  -0.2779  0.4453  0.2798  -1.5343   0.0000   0.0000   0.0000   0.4724
   0.500   1.2611   0.01708   0.00872  -0.2775  0.4422  0.3042  -1.5626   0.0000   0.0000   0.0000   0.4668
   0.750   1.2882   0.01730   0.00892  -0.2771  0.4388  0.3260  -1.5929   0.0000   0.0000   0.0000   0.4615
   1.000   1.3160   0.01752   0.00912  -0.2769  0.4356  0.3451  -1.6243   0.0000   0.0000   0.0000   0.4564
   1.250   1.3447   0.01775   0.00933  -0.2770  0.4328  0.3640  -1.6564   0.0000   0.0000   0.0000   0.4515
   1.500   1.3754   0.01804   0.00960  -0.2775  0.4299  0.3824  -1.6899   0.0000   0.0000   0.0000   0.4468
   1.750   1.4096   0.01843   0.00993  -0.2788  0.4268  0.3959  -1.7254   0.0000   0.0000   0.0000   0.4425
   2.000   1.4366   0.01856   0.01011  -0.2784  0.4248  0.4080  -1.7559   0.0000   0.0000   0.0000   0.4381
   2.250   1.4644   0.01872   0.01033  -0.2783  0.4224  0.4221  -1.7871   0.0000   0.0000   0.0000   0.4339
   2.500   1.4926   0.01890   0.01057  -0.2783  0.4199  0.4386  -1.8187   0.0000   0.0000   0.0000   0.4299
   2.750   1.5207   0.01909   0.01081  -0.2782  0.4171  0.4582  -1.8505   0.0000   0.0000   0.0000   0.4260
   3.000   1.5489   0.01929   0.01108  -0.2782  0.4144  0.4848  -1.8837   0.0000   0.0000   0.0000   0.4222
   3.250   1.5779   0.01951   0.01137  -0.2784  0.4118  0.5248  -1.9189   0.0000   0.0000   0.0000   0.4186
   3.500   1.6088   0.01979   0.01176  -0.2790  0.4094  0.5914  -1.9554   0.0000   0.0000   0.0000   0.4152
   3.750   1.6440   0.02029   0.01236  -0.2806  0.4065  0.6894  -1.9946   0.0000   0.0000   0.0000   0.4120
   4.000   1.6650   0.02031   0.01266  -0.2789  0.4049  0.8202  -2.0230   0.0000   0.0000   0.0000   0.4084
   4.250   1.6816   0.02032   0.01279  -0.2763  0.4032  1.0000  -2.0477   0.0000   0.0000   0.0000   0.4047
   4.500   1.7073   0.02061   0.01309  -0.2758  0.4010  1.0000  -2.0797   0.0000   0.0000   0.0000   0.4015
   4.750   1.7326   0.02090   0.01341  -0.2752  0.3985  1.0000  -2.1127   0.0000   0.0000   0.0000   0.3984
   5.000   1.7578   0.02119   0.01369  -0.2746  0.3960  1.0000  -2.1671   0.0000   0.0000   0.0000   0.3953
   5.250   1.7835   0.02150   0.01398  -0.2741  0.3937  1.0000  -2.2299   0.0000   0.0000   0.0000   0.3923
   5.500   1.8098   0.02183   0.01429  -0.2738  0.3915  1.0000  -2.2939   0.0000   0.0000   0.0000   0.3895
   5.750   1.8362   0.02219   0.01460  -0.2735  0.3888  1.0000  -2.3590   0.0000   0.0000   0.0000   0.3867
   6.000   1.8630   0.02270   0.01510  -0.2733  0.3850  1.0000  -2.4248   0.0000   0.0000   0.0000   0.3840
   6.250   1.8791   0.02280   0.01530  -0.2708  0.3817  1.0000  -2.4781   0.0000   0.0000   0.0000   0.3809
   6.500   1.8972   0.02296   0.01552  -0.2687  0.3780  1.0000  -2.5379   0.0000   0.0000   0.0000   0.3780
   6.750   1.9163   0.02314   0.01572  -0.2668  0.3744  1.0000  -2.6003   0.0000   0.0000   0.0000   0.3751
   7.000   1.9358   0.02334   0.01589  -0.2651  0.3710  1.0000  -2.6639   0.0000   0.0000   0.0000   0.3723
   7.250   1.9589   0.02368   0.01619  -0.2642  0.3677  1.0000  -2.7327   0.0000   0.0000   0.0000   0.3697
   7.500   1.9832   0.02415   0.01667  -0.2635  0.3646  1.0000  -2.8030   0.0000   0.0000   0.0000   0.3673
   7.750   1.9973   0.02438   0.01706  -0.2607  0.3621  1.0000  -2.8595   0.0000   0.0000   0.0000   0.3644
   8.000   2.0115   0.02464   0.01741  -0.2579  0.3591  1.0000  -2.9165   0.0000   0.0000   0.0000   0.3616
   8.250   2.0275   0.02492   0.01776  -0.2555  0.3561  1.0000  -2.9782   0.0000   0.0000   0.0000   0.3590
   8.500   2.0442   0.02521   0.01809  -0.2533  0.3533  1.0000  -3.0445   0.0000   0.0000   0.0000   0.3563
   8.750   2.0608   0.02551   0.01841  -0.2511  0.3504  1.0000  -3.1113   0.0000   0.0000   0.0000   0.3538
   9.000   2.0810   0.02590   0.01877  -0.2497  0.3471  1.0000  -3.1842   0.0000   0.0000   0.0000   0.3514
   9.250   2.0961   0.02632   0.01931  -0.2472  0.3439  1.0000  -3.2490   0.0000   0.0000   0.0000   0.3488
   9.500   2.1057   0.02668   0.01981  -0.2437  0.3406  1.0000  -3.3055   0.0000   0.0000   0.0000   0.3461
   9.750   2.1170   0.02705   0.02028  -0.2405  0.3370  1.0000  -3.3653   0.0000   0.0000   0.0000   0.3435
  10.000   2.1293   0.02742   0.02072  -0.2376  0.3335  1.0000  -3.4269   0.0000   0.0000   0.0000   0.3410
  10.250   2.1417   0.02782   0.02116  -0.2348  0.3300  1.0000  -3.4894   0.0000   0.0000   0.0000   0.3384
  10.500   2.1590   0.02834   0.02163  -0.2329  0.3258  1.0000  -3.5598   0.0000   0.0000   0.0000   0.3362
  10.750   2.1657   0.02887   0.02236  -0.2291  0.3224  1.0000  -3.6153   0.0000   0.0000   0.0000   0.3336
  11.000   2.1738   0.02940   0.02306  -0.2256  0.3178  1.0000  -3.6757   0.0000   0.0000   0.0000   0.3310
  11.250   2.1818   0.02997   0.02370  -0.2222  0.3129  1.0000  -3.7364   0.0000   0.0000   0.0000   0.3285
  11.500   2.1899   0.03062   0.02435  -0.2189  0.3079  1.0000  -3.7978   0.0000   0.0000   0.0000   0.3261
  11.750   2.1979   0.03136   0.02523  -0.2157  0.3027  1.0000  -3.8583   0.0000   0.0000   0.0000   0.3237
  12.000   2.2054   0.03212   0.02614  -0.2125  0.2963  1.0000  -3.9180   0.0000   0.0000   0.0000   0.3214
  12.250   2.2103   0.03305   0.02709  -0.2090  0.2900  1.0000  -3.9736   0.0000   0.0000   0.0000   0.3190
  12.500   2.2163   0.03403   0.02818  -0.2057  0.2829  1.0000  -4.0303   0.0000   0.0000   0.0000   0.3167
  12.750   2.2200   0.03517   0.02942  -0.2024  0.2740  1.0000  -4.0831   0.0000   0.0000   0.0000   0.3144
  13.000   2.2211   0.03657   0.03088  -0.1988  0.2648  1.0000  -4.1306   0.0000   0.0000   0.0000   0.3122
  13.250   2.2195   0.03829   0.03262  -0.1951  0.2526  1.0000  -4.1724   0.0000   0.0000   0.0000   0.3100
  13.500   2.2160   0.04036   0.03473  -0.1916  0.2385  1.0000  -4.2127   0.0000   0.0000   0.0000   0.3079
  13.750   2.2068   0.04308   0.03744  -0.1878  0.2235  1.0000  -4.2420   0.0000   0.0000   0.0000   0.3060
  14.000   2.1932   0.04644   0.04077  -0.1841  0.2091  1.0000  -4.2608   0.0000   0.0000   0.0000   0.3042
  14.250   2.1754   0.05049   0.04480  -0.1807  0.1969  1.0000  -4.2689   0.0000   0.0000   0.0000   0.3027
  14.500   2.1596   0.05459   0.04895  -0.1779  0.1864  1.0000  -4.2797   0.0000   0.0000   0.0000   0.3013
  14.750   2.1404   0.05926   0.05366  -0.1754  0.1786  1.0000  -4.3059   0.0000   0.0000   0.0000   0.3002
  15.000   2.1223   0.06408   0.05856  -0.1735  0.1718  1.0000  -4.3364   0.0000   0.0000   0.0000   0.2994
  15.250   2.0977   0.06999   0.06452  -0.1721  0.1664  1.0000  -4.3395   0.0000   0.0000   0.0000   0.2990
  15.500   2.0817   0.07506   0.06971  -0.1713  0.1617  1.0000  -4.3736   0.0000   0.0000   0.0000   0.2985
  15.750   2.0632   0.08065   0.07541  -0.1708  0.1573  1.0000  -4.3958   0.0000   0.0000   0.0000   0.2984
  16.000   2.0412   0.08683   0.08165  -0.1708  0.1535  1.0000  -4.4021   0.0000   0.0000   0.0000   0.2986
  16.250   2.0214   0.09262   0.08749  -0.1709  0.1497  1.0000  -4.4155   0.0000   0.0000   0.0000   0.2987
  16.500   2.0106   0.09734   0.09235  -0.1711  0.1466  1.0000  -4.4633   0.0000   0.0000   0.0000   0.2986
  16.750   1.9987   0.10212   0.09725  -0.1714  0.1435  1.0000  -4.5059   0.0000   0.0000   0.0000   0.2986
  17.000   1.9864   0.10681   0.10199  -0.1717  0.1404  1.0000  -4.5467   0.0000   0.0000   0.0000   0.2986
  17.250   1.9762   0.11100   0.10617  -0.1718  0.1372  1.0000  -4.5967   0.0000   0.0000   0.0000   0.2984
  17.500   1.9714   0.11452   0.10975  -0.1719  0.1343  1.0000  -4.6680   0.0000   0.0000   0.0000   0.2979
  17.750   1.9642   0.11871   0.11407  -0.1726  0.1317  1.0000  -4.7273   0.0000   0.0000   0.0000   0.2979
  18.000   1.9579   0.12271   0.11817  -0.1733  0.1289  1.0000  -4.7908   0.0000   0.0000   0.0000   0.2978


