xflr5 v6.62

 Calculated polar for: sd7062

 1 1 Reynolds number fixed          Mach number fixed         

 xtrf =   1.000 (top)        1.000 (bottom)
 Mach =   0.000     Re =     0.300 e 6     Ncrit =   9.000

  alpha     CL        CD       CDp       Cm    Top Xtr Bot Xtr   Cpmin    Chinge    XCp    
 ------- -------- --------- --------- -------- ------- ------- -------- --------- ---------
 -11.750  -0.3248   0.12722   0.12424  -0.0215  1.0000  0.0318  -1.8470   0.0000   0.0000   0.0000   0.1641
 -11.500  -0.3209   0.12341   0.12046  -0.0235  1.0000  0.0332  -1.8902   0.0000   0.0000   0.0000   0.1573
 -11.250  -0.3299   0.11741   0.11448  -0.0295  1.0000  0.0349  -2.1745   0.0000   0.0000   0.0000   0.1416
 -11.000  -0.3302   0.11253   0.10964  -0.0328  1.0000  0.0351  -2.3018   0.0000   0.0000   0.0000   0.1317
 -10.750  -0.3280   0.10790   0.10505  -0.0332  1.0000  0.0358  -2.2982   0.0000   0.0000   0.0000   0.1300
 -10.500  -0.3127   0.10677   0.10394  -0.0319  1.0000  0.0367  -2.1090   0.0000   0.0000   0.0000   0.1291
 -10.250  -0.3026   0.10449   0.10168  -0.0323  1.0000  0.0378  -2.0242   0.0000   0.0000   0.0000   0.1245
 -10.000  -0.2968   0.10132   0.09852  -0.0337  1.0000  0.0390  -2.0085   0.0000   0.0000   0.0000   0.1178
  -9.750  -0.2944   0.09746   0.09470  -0.0359  1.0000  0.0404  -2.0435   0.0000   0.0000   0.0000   0.1098
  -9.500  -0.3100   0.08960   0.08692  -0.0441  1.0000  0.0430  -2.3857   0.0000   0.0000   0.0000   0.0903
  -9.250  -0.3185   0.08341   0.08081  -0.0490  1.0000  0.0432  -2.5714   0.0000   0.0000   0.0000   0.0793
  -9.000  -0.3295   0.07644   0.07391  -0.0548  0.9952  0.0432  -2.7741   0.0000   0.0000   0.0000   0.0675
  -8.750  -0.3233   0.07051   0.06800  -0.0563  0.9862  0.0368  -2.8095   0.0000   0.0000   0.0000   0.0596
  -8.500  -0.4161   0.02628   0.02131  -0.0966  0.9385  0.0249  -5.0571   0.0000   0.0000   0.0000   0.0032
  -8.250  -0.3959   0.02440   0.01908  -0.0961  0.9256  0.0261  -4.9282   0.0000   0.0000   0.0000  -0.0076
  -8.000  -0.3744   0.02294   0.01727  -0.0953  0.9132  0.0273  -4.7798   0.0000   0.0000   0.0000  -0.0198
  -7.750  -0.3538   0.02101   0.01502  -0.0946  0.9015  0.0286  -4.6448   0.0000   0.0000   0.0000  -0.0328
  -7.500  -0.3305   0.02024   0.01422  -0.0939  0.8906  0.0303  -4.4313   0.0000   0.0000   0.0000  -0.0500
  -7.250  -0.3058   0.01986   0.01374  -0.0933  0.8795  0.0325  -4.2282   0.0000   0.0000   0.0000  -0.0715
  -7.000  -0.2806   0.01925   0.01292  -0.0927  0.8681  0.0347  -4.0618   0.0000   0.0000   0.0000  -0.0974
  -6.750  -0.2569   0.01781   0.01132  -0.0921  0.8575  0.0367  -3.9243   0.0000   0.0000   0.0000  -0.1262
  -6.500  -0.2314   0.01724   0.01067  -0.0916  0.8479  0.0389  -3.7340   0.0000   0.0000   0.0000  -0.1645
  -6.250  -0.2052   0.01667   0.00998  -0.0911  0.8373  0.0416  -3.5561   0.0000   0.0000   0.0000  -0.2137
  -6.000  -0.1794   0.01589   0.00906  -0.0906  0.8270  0.0444  -3.3882   0.0000   0.0000   0.0000  -0.2765
  -5.750  -0.1531   0.01550   0.00865  -0.0902  0.8180  0.0482  -3.1884   0.0000   0.0000   0.0000  -0.3635
  -5.500  -0.1258   0.01522   0.00823  -0.0898  0.8073  0.0520  -3.0022   0.0000   0.0000   0.0000  -0.4921
  -5.250  -0.0999   0.01447   0.00749  -0.0895  0.7981  0.0564  -2.8272   0.0000   0.0000   0.0000  -0.6786
  -5.000  -0.0726   0.01415   0.00705  -0.0891  0.7884  0.0611  -2.6445   0.0000   0.0000   0.0000  -1.0201
  -4.750  -0.0459   0.01364   0.00656  -0.0889  0.7788  0.0671  -2.4647   0.0000   0.0000   0.0000  -1.7475
  -4.500  -0.0186   0.01331   0.00613  -0.0885  0.7698  0.0739  -2.2873   0.0000   0.0000   0.0000  -4.6483
  -4.250   0.0087   0.01297   0.00579  -0.0883  0.7601  0.0813  -2.1106   0.0000   0.0000   0.0000  10.6869
  -4.000   0.0360   0.01260   0.00540  -0.0881  0.7514  0.0903  -1.9386   0.0000   0.0000   0.0000   2.7624
  -3.750   0.0635   0.01227   0.00509  -0.0879  0.7417  0.1013  -1.7695   0.0000   0.0000   0.0000   1.6685
  -3.500   0.0911   0.01197   0.00476  -0.0877  0.7331  0.1148  -1.6045   0.0000   0.0000   0.0000   1.2345
  -3.250   0.1188   0.01166   0.00448  -0.0876  0.7236  0.1342  -1.4597   0.0000   0.0000   0.0000   1.0024
  -3.000   0.1463   0.01127   0.00419  -0.0875  0.7148  0.1681  -1.3347   0.0000   0.0000   0.0000   0.8592
  -2.750   0.1734   0.01073   0.00401  -0.0876  0.7056  0.2526  -1.2199   0.0000   0.0000   0.0000   0.7634
  -2.500   0.2006   0.01039   0.00391  -0.0875  0.6966  0.3455  -1.1047   0.0000   0.0000   0.0000   0.6923
  -2.250   0.2282   0.01020   0.00386  -0.0874  0.6874  0.4052  -0.9904   0.0000   0.0000   0.0000   0.6372
  -2.000   0.2558   0.01005   0.00380  -0.0871  0.6782  0.4536  -0.8844   0.0000   0.0000   0.0000   0.5938
  -1.750   0.2835   0.00994   0.00377  -0.0869  0.6692  0.4972  -0.7883   0.0000   0.0000   0.0000   0.5587
  -1.500   0.3110   0.00984   0.00374  -0.0866  0.6597  0.5393  -0.7760   0.0000   0.0000   0.0000   0.5297
  -1.250   0.3385   0.00978   0.00374  -0.0863  0.6507  0.5804  -0.8029   0.0000   0.0000   0.0000   0.5054
  -1.000   0.3659   0.00971   0.00375  -0.0859  0.6408  0.6202  -0.8312   0.0000   0.0000   0.0000   0.4846
  -0.750   0.3930   0.00969   0.00375  -0.0855  0.6320  0.6585  -0.8599   0.0000   0.0000   0.0000   0.4667
  -0.500   0.4200   0.00964   0.00377  -0.0850  0.6216  0.6956  -0.8886   0.0000   0.0000   0.0000   0.4510
  -0.250   0.4465   0.00964   0.00379  -0.0843  0.6127  0.7327  -0.9172   0.0000   0.0000   0.0000   0.4371
   0.000   0.4717   0.00956   0.00384  -0.0834  0.6023  0.7759  -0.9465   0.0000   0.0000   0.0000   0.4245
   0.250   0.4959   0.00955   0.00385  -0.0821  0.5931  0.8186  -0.9758   0.0000   0.0000   0.0000   0.4130
   0.500   0.5196   0.00949   0.00389  -0.0808  0.5825  0.8542  -1.0046   0.0000   0.0000   0.0000   0.4024
   0.750   0.5418   0.00950   0.00387  -0.0790  0.5733  0.8936  -1.0331   0.0000   0.0000   0.0000   0.3925
   1.000   0.5674   0.00943   0.00385  -0.0780  0.5625  0.9404  -1.0655   0.0000   0.0000   0.0000   0.3838
   1.250   0.6087   0.00946   0.00375  -0.0806  0.5512  0.9969  -1.1094   0.0000   0.0000   0.0000   0.3784
   1.500   0.6377   0.00955   0.00379  -0.0810  0.5398  1.0000  -1.1443   0.0000   0.0000   0.0000   0.3726
   1.750   0.6658   0.00972   0.00382  -0.0811  0.5296  1.0000  -1.1797   0.0000   0.0000   0.0000   0.3671
   2.000   0.6940   0.00984   0.00388  -0.0812  0.5178  1.0000  -1.2167   0.0000   0.0000   0.0000   0.3619
   2.250   0.7217   0.01002   0.00394  -0.0812  0.5071  1.0000  -1.2537   0.0000   0.0000   0.0000   0.3571
   2.500   0.7494   0.01017   0.00402  -0.0811  0.4956  1.0000  -1.2908   0.0000   0.0000   0.0000   0.3526
   2.750   0.7769   0.01036   0.00413  -0.0811  0.4849  1.0000  -1.3302   0.0000   0.0000   0.0000   0.3484
   3.000   0.8042   0.01054   0.00423  -0.0810  0.4733  1.0000  -1.3700   0.0000   0.0000   0.0000   0.3444
   3.250   0.8315   0.01074   0.00437  -0.0809  0.4627  1.0000  -1.4099   0.0000   0.0000   0.0000   0.3407
   3.500   0.8586   0.01095   0.00450  -0.0808  0.4518  1.0000  -1.4511   0.0000   0.0000   0.0000   0.3371
   3.750   0.8857   0.01117   0.00466  -0.0807  0.4413  1.0000  -1.4940   0.0000   0.0000   0.0000   0.3338
   4.000   0.9123   0.01141   0.00481  -0.0805  0.4306  1.0000  -1.5369   0.0000   0.0000   0.0000   0.3307
   4.250   0.9392   0.01164   0.00502  -0.0804  0.4207  1.0000  -1.5811   0.0000   0.0000   0.0000   0.3277
   4.500   0.9657   0.01189   0.00520  -0.0802  0.4105  1.0000  -1.6273   0.0000   0.0000   0.0000   0.3248
   4.750   0.9921   0.01215   0.00542  -0.0800  0.4009  1.0000  -1.6738   0.0000   0.0000   0.0000   0.3221
   5.000   1.0184   0.01241   0.00563  -0.0798  0.3912  1.0000  -1.7236   0.0000   0.0000   0.0000   0.3195
   5.250   1.0444   0.01272   0.00590  -0.0796  0.3824  1.0000  -1.7735   0.0000   0.0000   0.0000   0.3170
   5.500   1.0706   0.01297   0.00613  -0.0794  0.3730  1.0000  -1.8267   0.0000   0.0000   0.0000   0.3146
   5.750   1.0958   0.01334   0.00641  -0.0791  0.3644  1.0000  -1.8803   0.0000   0.0000   0.0000   0.3122
   6.000   1.1220   0.01357   0.00668  -0.0789  0.3559  1.0000  -1.9386   0.0000   0.0000   0.0000   0.3100
   6.250   1.1469   0.01393   0.00696  -0.0785  0.3474  1.0000  -1.9980   0.0000   0.0000   0.0000   0.3078
   6.500   1.1725   0.01422   0.00729  -0.0783  0.3394  1.0000  -2.0618   0.0000   0.0000   0.0000   0.3057
   6.750   1.1974   0.01454   0.00759  -0.0779  0.3312  1.0000  -2.1289   0.0000   0.0000   0.0000   0.3037
   7.000   1.2216   0.01495   0.00794  -0.0775  0.3236  1.0000  -2.1974   0.0000   0.0000   0.0000   0.3017
   7.250   1.2466   0.01522   0.00827  -0.0772  0.3157  1.0000  -2.2713   0.0000   0.0000   0.0000   0.2998
   7.500   1.2700   0.01565   0.00862  -0.0766  0.3081  1.0000  -2.3458   0.0000   0.0000   0.0000   0.2979
   7.750   1.2942   0.01599   0.00902  -0.0762  0.3008  1.0000  -2.4226   0.0000   0.0000   0.0000   0.2960
   8.000   1.3176   0.01634   0.00938  -0.0757  0.2932  1.0000  -2.5053   0.0000   0.0000   0.0000   0.2942
   8.250   1.3398   0.01684   0.00982  -0.0751  0.2858  1.0000  -2.5865   0.0000   0.0000   0.0000   0.2923
   8.500   1.3632   0.01714   0.01021  -0.0745  0.2786  1.0000  -2.6707   0.0000   0.0000   0.0000   0.2906
   8.750   1.3845   0.01761   0.01063  -0.0738  0.2713  1.0000  -2.7551   0.0000   0.0000   0.0000   0.2888
   9.000   1.4060   0.01806   0.01113  -0.0731  0.2645  1.0000  -2.8450   0.0000   0.0000   0.0000   0.2871
   9.250   1.4272   0.01846   0.01157  -0.0723  0.2572  1.0000  -2.9354   0.0000   0.0000   0.0000   0.2853
   9.500   1.4456   0.01909   0.01213  -0.0712  0.2502  1.0000  -3.0211   0.0000   0.0000   0.0000   0.2835
   9.750   1.4662   0.01946   0.01262  -0.0704  0.2435  1.0000  -3.1118   0.0000   0.0000   0.0000   0.2818
  10.000   1.4830   0.01999   0.01314  -0.0690  0.2367  1.0000  -3.1960   0.0000   0.0000   0.0000   0.2799
  10.250   1.4983   0.02065   0.01379  -0.0675  0.2303  1.0000  -3.2836   0.0000   0.0000   0.0000   0.2780
  10.500   1.5152   0.02116   0.01441  -0.0663  0.2235  1.0000  -3.3771   0.0000   0.0000   0.0000   0.2762
  10.750   1.5279   0.02193   0.01515  -0.0646  0.2168  1.0000  -3.4622   0.0000   0.0000   0.0000   0.2743
  11.000   1.5424   0.02265   0.01594  -0.0633  0.2106  1.0000  -3.5512   0.0000   0.0000   0.0000   0.2726
  11.250   1.5560   0.02342   0.01677  -0.0620  0.2040  1.0000  -3.6388   0.0000   0.0000   0.0000   0.2709
  11.500   1.5647   0.02455   0.01785  -0.0603  0.1975  1.0000  -3.7152   0.0000   0.0000   0.0000   0.2691
  11.750   1.5790   0.02536   0.01878  -0.0593  0.1909  1.0000  -3.8052   0.0000   0.0000   0.0000   0.2676
  12.000   1.5879   0.02655   0.01998  -0.0579  0.1843  1.0000  -3.8828   0.0000   0.0000   0.0000   0.2661
  12.250   1.5972   0.02780   0.02129  -0.0567  0.1781  1.0000  -3.9608   0.0000   0.0000   0.0000   0.2646
  12.500   1.6068   0.02908   0.02264  -0.0557  0.1715  1.0000  -4.0479   0.0000   0.0000   0.0000   0.2632
  12.750   1.6103   0.03086   0.02439  -0.0544  0.1656  1.0000  -4.1185   0.0000   0.0000   0.0000   0.2618
  13.000   1.6202   0.03223   0.02589  -0.0536  0.1594  1.0000  -4.2067   0.0000   0.0000   0.0000   0.2606
  13.250   1.6241   0.03414   0.02781  -0.0527  0.1533  1.0000  -4.2785   0.0000   0.0000   0.0000   0.2594
  13.500   1.6277   0.03615   0.02987  -0.0519  0.1475  1.0000  -4.3486   0.0000   0.0000   0.0000   0.2583
  13.750   1.6320   0.03817   0.03196  -0.0513  0.1413  1.0000  -4.4208   0.0000   0.0000   0.0000   0.2573
  14.000   1.6291   0.04087   0.03464  -0.0505  0.1360  1.0000  -4.4714   0.0000   0.0000   0.0000   0.2563
  14.250   1.6332   0.04302   0.03691  -0.0500  0.1308  1.0000  -4.5419   0.0000   0.0000   0.0000   0.2554
  14.500   1.6323   0.04571   0.03966  -0.0497  0.1258  1.0000  -4.5972   0.0000   0.0000   0.0000   0.2546
  14.750   1.6258   0.04901   0.04294  -0.0493  0.1213  1.0000  -4.6343   0.0000   0.0000   0.0000   0.2538
  15.000   1.6283   0.05154   0.04562  -0.0492  0.1171  1.0000  -4.6979   0.0000   0.0000   0.0000   0.2532
  15.250   1.6251   0.05469   0.04883  -0.0491  0.1129  1.0000  -4.7440   0.0000   0.0000   0.0000   0.2526
  15.500   1.6173   0.05841   0.05255  -0.0492  0.1092  1.0000  -4.7742   0.0000   0.0000   0.0000   0.2522
  15.750   1.6149   0.06168   0.05593  -0.0494  0.1055  1.0000  -4.8198   0.0000   0.0000   0.0000   0.2518
  16.000   1.6118   0.06516   0.05952  -0.0499  0.1017  1.0000  -4.8635   0.0000   0.0000   0.0000   0.2515
  16.250   1.6043   0.06923   0.06361  -0.0506  0.0981  1.0000  -4.8971   0.0000   0.0000   0.0000   0.2515
  16.500   1.5968   0.07329   0.06769  -0.0512  0.0946  1.0000  -4.9528   0.0000   0.0000   0.0000   0.2514
  16.750   1.5933   0.07709   0.07164  -0.0521  0.0913  1.0000  -5.0588   0.0000   0.0000   0.0000   0.2514
  17.000   1.5863   0.08132   0.07595  -0.0531  0.0881  1.0000  -5.1443   0.0000   0.0000   0.0000   0.2516
  17.250   1.5762   0.08593   0.08056  -0.0543  0.0852  1.0000  -5.2102   0.0000   0.0000   0.0000   0.2519
  17.500   1.5694   0.09014   0.08485  -0.0553  0.0824  1.0000  -5.2942   0.0000   0.0000   0.0000   0.2521
  17.750   1.5641   0.09436   0.08922  -0.0566  0.0800  1.0000  -5.3868   0.0000   0.0000   0.0000   0.2524
  18.000   1.5575   0.09879   0.09373  -0.0580  0.0776  1.0000  -5.4706   0.0000   0.0000   0.0000   0.2528


