sd7062
1.000000 0.000000
0.999561 0.000083
0.998246 0.000331
0.996057 0.000747
0.992998 0.001335
0.989074 0.002097
0.984292 0.003039
0.978660 0.004165
0.972188 0.005479
0.964888 0.006983
0.956773 0.008678
0.947856 0.010564
0.938153 0.012639
0.927682 0.014898
0.916461 0.017336
0.904508 0.019944
0.891847 0.022714
0.878498 0.025635
0.864484 0.028698
0.849832 0.031891
0.834565 0.035204
0.818712 0.038624
0.802300 0.042139
0.785357 0.045739
0.767913 0.049411
0.750000 0.053140
0.731648 0.056914
0.712890 0.060715
0.693758 0.064526
0.674286 0.068329
0.654508 0.072101
0.634460 0.075821
0.614175 0.079464
0.593691 0.083007
0.573042 0.086424
0.552264 0.089691
0.531395 0.092785
0.510471 0.095684
0.489529 0.098369
0.468605 0.100823
0.447736 0.103030
0.426958 0.104978
0.406309 0.106657
0.385825 0.108057
0.365540 0.109171
0.345492 0.109992
0.325714 0.110513
0.306242 0.110726
0.287110 0.110623
0.268352 0.110195
0.250000 0.109435
0.232087 0.108332
0.214643 0.106879
0.197700 0.105070
0.181288 0.102902
0.165435 0.100373
0.150168 0.097490
0.135516 0.094260
0.121502 0.090698
0.108153 0.086822
0.095492 0.082655
0.083539 0.078225
0.072318 0.073560
0.061847 0.068688
0.052144 0.063638
0.043227 0.058436
0.035112 0.053103
0.027812 0.047655
0.021340 0.042102
0.015708 0.036447
0.010926 0.030688
0.007002 0.024819
0.003943 0.018827
0.001754 0.012701
0.000439 0.006428
0.000000 0.000000
0.000439 -0.002341
0.001754 -0.004788
0.003943 -0.007282
0.007002 -0.009767
0.010926 -0.012191
0.015708 -0.014508
0.021340 -0.016683
0.027812 -0.018692
0.035112 -0.020521
0.043227 -0.022167
0.052144 -0.023634
0.061847 -0.024933
0.072318 -0.026078
0.083539 -0.027085
0.095492 -0.027967
0.108153 -0.028735
0.121502 -0.029396
0.135516 -0.029952
0.150168 -0.030400
0.165435 -0.030734
0.181288 -0.030947
0.197700 -0.031030
0.214643 -0.030976
0.232087 -0.030778
0.250000 -0.030436
0.268352 -0.029950
0.287110 -0.029327
0.306242 -0.028577
0.325714 -0.027711
0.345492 -0.026744
0.365540 -0.025690
0.385825 -0.024565
0.406309 -0.023381
0.426958 -0.022150
0.447736 -0.020882
0.468605 -0.019583
0.489529 -0.018259
0.510471 -0.016916
0.531395 -0.015557
0.552264 -0.014189
0.573042 -0.012817
0.593691 -0.011450
0.614175 -0.010097
0.634460 -0.008771
0.654508 -0.007482
0.674286 -0.006246
0.693758 -0.005072
0.712890 -0.003973
0.731648 -0.002958
0.750000 -0.002033
0.767913 -0.001201
0.785357 -0.000463
0.802300 0.000182
0.818712 0.000738
0.834565 0.001210
0.849832 0.001603
0.864484 0.001923
0.878498 0.002173
0.891847 0.002357
0.904508 0.002476
0.916461 0.002533
0.927682 0.002527
0.938153 0.002461
0.947856 0.002337
0.956773 0.002160
0.964888 0.001936
0.972188 0.001676
0.978660 0.001391
0.984292 0.001096
0.989074 0.000808
0.992998 0.000543
0.996057 0.000317
0.998246 0.000145
0.999561 0.000037
1.000000 0.000000
